536857 367411
894997 645866
276723 434695
481582 487446
724195 88562
81105 659871
370299 401585
865884 247896
40805 521099
70835 552986
853587 933152
329177 321430
446077 585405
898170 695358
808357 254202

223482 312253
485063 296749
132300 520728
700799 483098
814109 368505
392970 867561
843064 231617
247689 319826
569847 748789
907931 670003
725879 836782
934318 855144
457246 597618
702568 25859
477516 679716
552649 81076
638604 396923
569314 116786
501563 650725
154734 994776
920410 782872
148775 156728
591827 914107
740693 94836
911405 786370
892465 287887
928535 406497
307695 606372
638095 938698
444173 692382
38145 461239
692412 164049
539889 600648
811328 273658
868476 937507
908360 951676
251177 772379
257359 154923
988703 737275
223769 159762
392576 974045
739090 33053
920843 168511
58878 495448
254133 690409
725125 638258
718798 219739
608073 890911
398306 717854
975656 173185
227159 497032
215582 416926
80325 447971
526472 254748
95220 743877
963046 259969
574470 213159
984755 348419
81143 371154
616644 192074
754642 552777
756976 165176
265633 439704
869383 24289
929913 982320
637251 454249
694296 471367
41092 687416
103135 921404
171679 200867
654292 282507
291081 689631
487518 344282
683238 108899
382978 413135
339309 6302
821181 660016
166178 11341
520464 803143
779155 970042
308441 240753
476238 623703
566293 479441
699300 622180
518424 329424
921640 478809
708848 745969
556674 608449
333641 611345
678818 297738
240537 614448
83924 496186
690300 511055
942911 444513
169251 566641
977509 600725
454398 760803
744548 464149
159853 364846
797445 68238
615205 363217
720950 80511
496578 855515
583570 789175
739561 766341
124249 478519
745576 579430
74686 249223
625034 662029
818084 946350
929448 542954
790959 26931
243755 796469
954700 491818
81708 221950
482489 171242
736013 224542
111138 965919
205514 749071
321407 341223
186330 272239
449465 935095
790162 60342
201165 676192
48128 962351
504743 241862
612227 704359
549468 190753
885670 412624
146254 812083
890922 398049
974702 503875
333497 361845
96031 664158
176089 126641
860558 625790
403543 971315
122225 432391
368748 592776
433598 882016
942109 35956
715851 674767
581878 561478
147074 995773
765116 118693
887693 349877
321067 769779
589446 852242
166264 283970
584914 644353
924267 372597
748449 31916
790791 950872
594945 601446
593049 215465
553707 553748
857422 741488
700396 790105
249293 554961
429286 931604
190428 660924
623279 942039
592233 288587
96224 942904
16036 337820
800748 876206
1 5
10 2
1 999999
999999 1
