1 1000

63570 46914
83357 14991
97945 22660
48801 27476
28187 92324
23035 4875
95770 3087
27784 39568
53709 41323
47601 58714
69299 48432
53475 31512
29880 32496
74904 69997
53963 58004
45124 28848
77806 52788
87627 21763
32556 35167
14363 99548
39027 97035
76753 8357
22750 84804
90971 840
61750 53504
1754 98497
13213 25313
26548 61733
38158 61049
26096 29607
90035 8261
38245 16556
92349 80628
26281 87970
92784 88512
40376 43206
45897 69819
14603 61689
39446 26099
87049 32749
63325 25226
20486 37316
86387 60984
2359 74703
68145 16468
66742 78098
63267 54581
34599 39321
86997 92745
92401 61129
5441 92391
36855 76515
26369 5732
83650 45636
10019 93254
67058 71770
33465 45693
33796 32942
68145 62681
18702 48089
51289 27763
20388 47048
64589 3036
25715 53939
53727 48213
57888 95414
59624 84840
94508 97309
39518 74231
892 54973
90292 45811
39137 92332
8142 34665
93129 26857
23668 45981
67157 67355
64515 56007
43927 93733
22937 76401
57494 84588
38470 74736
98738 45415
73862 34716
62094 31954
83182 12493
99900 78565
28933 59982
82668 83382
22335 76392
6842 17344
43854 24685
5086 55240
94490 28005
58108 76278
92537 27848
99661 55003
34821 9093
94820 58488
67148 88123
84743 57142
94450 3094
80493 28420
35852 81283
35801 7645
24203 46130
82840 43480
90154 46873
46490 84013
62129 46152
33297 68976
77832 77391
72471 91257
69376 70110
12491 58070
67305 64184
57581 73485
5111 39819
12841 79460
80813 27439
47603 84470
11207 93072
2544 11902
46130 34428
67536 73752
75149 36283
80164 32007
59332 25458
8670 66478
12206 99384
94735 77437
37296 98743
37525 69995
35678 39901
26772 67830
32154 92266
43575 82787
37020 29907
10821 49442
66790 68568
21144 99991
1226 24317
12889 3762
7883 29285
86225 96536
90644 49166
89396 18167
20408 53699
70325 18913
88235 77765
79130 42713
52221 7035
32763 6616
5312 37548
56509 36303
60436 79171
36024 97975
54129 36235
92220 7168
66324 33802
38567 29118
22571 86281
47823 69767
75310 86438
14040 73831
11497 355
62659 72937
611 46571
31704 26649
14077 64151
8887 32874
26857 47484
20926 51974
46149 70168
48031 891
74328 87053
30487 32616
66809 65000
59254 56038
29782 6940
51231 31987
12373 3927
51434 27551
55480 32316
47377 10662
53208 83307
37364 44311
63947 64051
93288 99013
53087 3785
63684 24141
34968 1373
61998 13759
39352 18238
2896 95266
44720 95788
78146 75545
3979 15612
67364 86138
76067 80477
99356 87856
81943 58440
