778355 63558
374847 919973
800372 708647
530387 701593
202191 676375
605243 691548
577316 178237
771983 815332
983896 144848
565277 67544
688483 81440
607492 172882
46665 620920
870424 421016
332436 578550
169119 474627
424578 233701
605461 405734
664190 239015
113163 495118
784538 579218
468853 135115
394083 992530
467840 728850
712927 538893
961433 312681
724645 406023
143089 616278
313749 604219
310026 662734
487901 798357
200255 616829
588127 61218
646872 127129
363081 610426
996166 651437
169139 477791
576505 210288
199385 907287
765356 300206
683319 326739
43114 215851
730126 560672
645483 15167
89828 916500
228598 113106
482398 206561
25084 427653
951406 503699
609963 179589
908479 547148
933053 557186
308593 692363
131010 332077
589145 303488
1 999999
329501 982603
759985 482883
215535 150467
229933 648209
649364 157974
67152 604187
958036 540736
767484 580174
192668 976810
827128 960882
794131 530836
861908 720238
516986 974157
7000 7000
134756 957170
791070 324969
872319 618204
165272 320778
337967 358887
74670 708298
431822 271784
341941 456042
683111 170987
100443 782271
854961 918025
73542 424666
279765 763413
116994 777510
512908 399889
908236 363246
316747 81047
168942 583191
649756 257542
974175 249884
280976 399258
143763 374194
923433 987530
337462 329584
586048 953787
440359 651618
895941 244533
995709 727609
794115 363876
708243 319842
27169 779343
972411 521443