801054 534234 
173072 379217
153618 925901
489490 18108
496337 467838
632414 869558
744109 280496
427518 480138
78430 444444
401456 638112
297261 573755
580939 217946
523498 978084
84915 127247
450759 432149
999065 513467
136683 109761
773242 741554
919885 270558
332033 584271
286220 590621
960643 636156
110123 193297
200198 281164
909941 675385
120641 532558
694837 808888
781009 408116
131607 842433
96613 983320
222848 316370
741126 120431
16257 864759
324212 348446
519216 985124
732143 500067
61331 285722
178172 928582
301910 221893
680102 686737
171443 625867
144539 478438
430660 925329
615111 133662
296399 428378
400971 321069
678485 587378
923319 889718
75656 223248
49413 257049
72837 200386
582212 887830
664272 599663
242769 816994
8568 761080
699200 9846
244956 243886
65836 370671
445061 247619
234929 882138
578108 811959
226134 249628
787218 751276
180173 3888
499756 619347
699518 818698
776772 541073
184947 564181
95102 128920
609092 803730
965084 768872
428904 896655
664956 54696
964262 883940
632472 640425
399158 260721
962683 604952
278631 102896
529658 360628
926826 32390
31536 781784
320295 263349
661149 913369
396770 196993
57319 557634
390355 449868
580199 33410
823882 96894
438421 46910
302406 53996
742091 856359
793390 315497
445485 653293
651473 979125
460954 194460
729451 688619
485051 964369
79773 97601
748615 386052
675934 65404
628586 813347
944580 146621
591241 852355
156555 987924
61210 906681
237694 834316
406515 222216
805273 273276
207747 86023
557059 238320
196754 217639
738820 686336
6290 821391
107440 481492
199480 477196
986904 996407
779733 157126
316740 714839
247290 464357
81139 804531
926329 373093
13044 116316
880531 284362
632200 345807
336818 472947
660266 520849
812267 279562
431512 524277
244564 248582
509464 621982
720531 351037
9316 819450
710017 152477
59758 425699
310390 772113
852097 640673
170216 609418
127765 811243
193681 759981
766479 756302
608200 473478
862454 120067
368926 820362
684283 75100
356789 578291
706513 718218
102252 247684
86018 489281
511983 858353
943019 506802
