1 10
100 200
201 210
900 1000
368880 730937
163608 918149
788891 966872
584624 992226
30942 884604
427069 63585
654392 22276
694448 659048
895926 156052
441920 790439
496112 222067
91974 753424
33400 778493
733404 604627
354966 113104
200413 299282
302602 68630
568026 440524
172254 152005
646154 494537
41245 979602
715861 678113
548616 177121
978808 407875
936399 405340
767875 434119
69933 878290
289471 599521
779493 390435
829276 520442
164162 274344
627503 562648
258933 256959
754884 902213
989810 668527
206149 247107
193605 327393
673889 612046
869277 562145
29703 524667
190012 248988
400814 846176
512637 653142
506361 751003
949480 324214
199451 434058
385723 152767
779918 758503
840762 284164
55348 914564
148498 501989
165138 205404
293366 648903
281033 631522
306315 198543
764833 703918
214873 854778
233598 235848
794620 720682
591003 444570
644600 686314
383579 247094
76599 731239
700702 860470
521301 95105
836893 657775
912709 284508
851755 990312
813365 446977
913379 956592
774640 844452
351465 436091
836564 838742
886013 814260
825786 249318
363670 992975
31520 578099
987853 207169
109011 817801
567138 994004
59318 309782
24152 318481
90428 771519
719067 999316
122434 354838
856177 368567
289312 720027
73028 70902
469457 848177
621408 806572
529402 152050
889148 512868
391373 947556
561610 276294
655312 355382
511162 610502
751207 932010
667760 429867
394766 506044
589999 316899
91846 389856
191419 848778
505048 614979
352762 455581
480614 869899
556540 148261
812153 615530
113349 318256
525983 194524
525229 501143
231033 631641
962276 4957
828912 352687
563813 356216
830301 261456
210303 859873
120117 308187
786137 997935
765866 919852
903935 82584
290935 754817
15706 103266
492507 976487
640282 900436
248358 569533
992653 774579
880503 341389
613062 876324
882624 259826
757386 534377
274591 320289
140324 479158
344300 212351
587068 600363
33701 336282
515305 807232
812759 615352
897713 543714
251102 676287
110725 394489
199152 629615
73626 231944
115160 192863
978781 35707
451345 283731
72879 301918
885178 800349
930316 395957
851272 93245