1 10
100 200
201 210
900 1000
493072 617127
292517 755500
343207 984904
209795 960060
101031 889694
189164 709475
396875 946666
144241 843624
229417 930117
43176 866873
254727 561760
98071 810984
129511 691287
229217 714466
179266 862175
349972 893759
390640 895118
299081 615606
117013 568911
41536 521499
10658 672894
283698 793414
76650 820514
450303 503778
55641 944109
91739 774465
480828 883838
358052 787464
349804 548854
51928 585140
244450 936983
278528 690897
319849 718856
88995 552340
224525 869220
490500 871204
310166 775736
85305 956914
326858 644365
178452 900096
319907 580617
333908 998120
326436 929301
90948 890923
372622 990689
4907 734240
200037 713115
326963 504188
374588 773791
399813 793307
474922 848709
211457 772045
412721 770329
224607 743443
177703 737457
33313 970982
190347 966160
250972 906330
213267 844566
357767 988879
33365 605975
44043 888556
79463 693176
312647 958036
93612 950454
358990 529904
292041 571582
141101 557413
309243 768666
384280 751050
266717 884794
45457 530481
3461 972738
181393 736191
32882 778219
306418 512815
449233 647252
81798 915555
82921 553795
473681 897908
461565 614659
54399 646328
234748 856791
408202 764744
80526 809938
155845 707944
411357 933646
194104 734187
339994 650219
298988 797184
295257 843598
265897 672497
468454 942279
100014 617976
330848 953114
247950 749254
355570 837121
296628 909050
12169 926898
276997 746948