1 10
100 200
201 210
900 1000
993917 716980
704863 335167
496441 680399
740032 502428
357971 119389
247446 328921
264621 364488
512436 426560
269154 615034
987931 800105
314505 755104
651783 832893
153513 686713
751754 480203
818739 9903
393009 687322
256129 511421
56415 310298
964035 216041
914905 528511
722259 884820
645553 579575
387788 549791
860328 835122
187515 983541
929918 721204
634857 127062
22381 544550
560009 872222
926646 655731
345579 200184
859477 661204
228194 331264
97547 699093
948114 146346
712193 766006
363148 331039
387117 311257
330205 867729
984856 618321
964040 131661
177255 812085
116803 843680
52773 846031
882874 210508
47711 741946
233008 539337
7119 296434
22370 85792
861513 564370
216080 778533
223393 309948
245142 366593
962515 366392
849306 467749
645554 159722
753821 40106
21206 983337
519834 716426
24251 278674
424160 233241
741180 674995
845252 549036
259904 698071
837795 774253
488170 282279
325250 4997
748535 455828
828053 325050
275472 370314
519087 43417
363861 467608
130240 895310
220083 264120
859983 977078
49537 899059
662740 596732
740699 910532
410938 701801
582632 644267
850472 679513
391874 789079
245025 840446
955924 587561
984677 337655
865084 973393
260589 307922
200237 982566
11043 596628
152264 946424
582635 747089
885574 541551
554901 324063
684761 244452
858963 851647
232495 887497
311749 104757
289705 565796
316091 720477
805230 67567
523005 31747
842119 568521
293837 310778
398759 123304
654114 53520
573310 226601
864910 615371
158070 7109
690023 700829
912066 23720
852253 400962
787684 15056
772733 836761
832963 658924
907090 585062
100945 422855
45442 131908
896435 99174
702321 940563
602422 633753
907556 49699
475765 60767
20841 511704
923704 922115
608264 55339
98963 15115
800950 84320
965035 978212
487286 175881
519671 932086
891063 371477
963974 582766
816365 321120
511918 160891
382798 120766
509695 766561
35932 884285
102401 453801
254993 538645
924990 977267
414981 943683
718261 444932
711925 375196
39945 499543
489744 240756
648365 411983
149732 12529
779178 357769
49995 506862
