1 10
2 20
3 30
4 40
5 50
6 60
7 70
8 80
9 90
100 200
100 109
201 210
302 311
403 412
504 513
605 614
706 715
807 816
908 917
1007 1018
900 1000
1000 1000
1000 900
900 800
800 700
700 600
600 500
500 400
400 300
300 200
200 100
1 250
1 500
1 750
1 1000
1 2500
1 5000
1 10000
1 50000
1 100000
1 500000
1 100
2 200
3 300
4 400
5 500
6 600
7 700
8 800
9 900
10 100
20 200
30 300
40 400
50 500
60 600
70 700
80 800
90 900
100 1000
1001 1000
2002 2000
3003 3000
4004 4000
5005 5000
6006 6000
7007 7000
8008 8000
9009 9000
10001 10000
1 1111
3 3333
7 7777
5 5555
9 9999
2 2222
4 4444
6 6666
8 8888
10 1010
1 2
2 3
3 4
4 5
6 7
8 9
9 10
11 12
12 13
1111 1111
1212 2121
1313 3131
1414 4141
1515 5151
1616 6161
1717 7171
1818 8181
1919 9191
101 110
202 220
303 330
404 440
505 550
606 660
707 770
808 880
909 990
