10 1
100 200
201 210
900 1000
296 858
432 834
203 342
92 643
581 671
474 651
93 353
152 515
258 496
220 878
325 388
62 680
203 498
525 913
214 896
406 728
818 978
155 776
677 739
278 972
416 601
10 129
202 496
271 305
306 326
447 531
250 518
317 916
44 590
231 751
368 769
317 340
144 314
390 584
636 658
590 677
417 652
400 636
465 854
552 786
332 386
391 554
584 703
250 482
28 357
867 972
421 539
486 696
511 822
35 606
4087 5866
3658 7736
2971 8003
6104 7660
3831 6615
2459 5660
3680 7897
3221 9510
1112 3489
6181 7762
8343 8858
8075 9465
1722 6143
5529 8075
3860 8392
1948 3546
4524 5000
5547 6056
1538 9640
2699 5271
11195 56808
38203 79950
42227 74843
28188 86650
30792 89945
14191 34981
13801 38651
43546 79666
59865 70429
26810 57812
69667 82506
23957 86257
48988 74010
55544 61655
54134 94651
11757 49720
21785 95083
58508 72967
31805 79556
11557 22273
435511 625427
482529 739976
490153 523503
831758 972294
604019 925315
200391 475616
325010 759712
688944 890557
308909 856988
162032 909469