1 1555
251877 363922
312884 825408
403876 476575
775439 391062
207587 920261
708248 166273
184483 800346
381137 903091
998043 690684
581300 904923
417280 535089
784341 892492
742363 192618
653473 434862
131890 852005
101014 366767
241915 654545
218515 266255
187254 944240
202662 890034
978460 910327
581197 831916
190138 451670
889718 238518
429607 732976
698903 475562
50483 265107
917197 85160
927307 790348
796588 277195
236195 84248
145737 896725
510553 460586
936664 595428
427497 55129
375628 426963
526905 934586
683610 783913
808342 627518
909206 428097
895311 946185
314202 744104
744356 573718
767205 255134
682902 615954
8355 647838
61279 941940
351752 741028
571018 790246
720896 584912
573446 737399
195679 714968
875801 550806
985955 3434
810235 217838
132165 362608
194552 354679
114288 703765
115340 138339
319071 84240
509725 959939
569383 695762
919165 133935
226379 120631
636045 598764
23342 446895
920581 321939
81003 235015
986975 730977
508269 693929
175279 496629
288487 125447
883037 405525
969552 569572
123714 968764
280792 713919
63950 653106
316208 140694
684493 57786
991218 491703
557869 294720
639046 238703
405472 367966
470089 968288
900997 928392
753985 15132
740377 414914
187040 821994
555926 147394
741289 510756
965892 653705
799602 907759
28570 511251
547057 845692
732022 885593
667036 816997
667458 937662
367860 119805
830683 696322
222012 567399
98233 637821
522321 602577
435898 882506
153040 824071
776677 843073
81885 882148
131910 757306
522995 520032
935471 935705
21520 645127
254081 19625
978674 944677
860585 663475
199208 805335
88815 663909
852935 143291
587358 595639
324067 105673
887743 374084
73386 225824
242806 701886
785471 297097
989585 267066
407110 520732
329929 249625
111451 164258
639476 650749
613528 141632
505043 79221
122030 515429
561526 365664
281955 495449
565755 730214
396482 239366
705764 97493
901466 899819
522792 497032
753535 320687
704278 290585
71789 893293
230490 677360
29747 286596
982414 913755
753629 666861
365615 156592
198740 76688
667333 836414
263307 986811
672403 991630
85093 69722
639424 837960
581532 928056
598582 637146
617889 759583
407998 150434
148499 481338
169512 880051
711590 342946
212962 372799
372308 270858
866643 553252
773806 993521
359127 810457
197004 232173
15065 888091
499790 577277
208694 91788
570032 271034
430124 247414
12627 626088
952593 136247
410853 990162
325720 687874
387973 485786
490755 896288
516963 932564
102206 303661
567603 429661
888074 545290
704467 459267
76600 849508
820148 883801
989246 585156
834806 935763
338040 533384
429483 491736
761530 423334
840486 493164
930817 218515
351927 551470
199268 545105
531147 656560
558043 478332
346680 500394
558316 964169
456566 475919
411705 415130
823438 400518
246806 844100
