123 213
989 237
2137 2321
992734 923829
4758 9283
324 45
95623 23495
324 923
986 2394
97 241
32 90909
1 2
321 123
89432 98721
9680 2140
23405 53409
12312 35221
90328 21234
7231 8943
21398 43598
32498 32984
234 654
10 2
3294 3498
123123 123132
324 3254
1 10
897234 212343
91238 81239
21 30
100 200
201 210
787 2193
2398 9328
87324 129323
213 215
12 23
4 6
1 123
4321 5432
789 987
635721 213893
2477 2373
12323 23132
8932 4787
32434 41343
4234 3242
900 1000
10 1000
100000 100010
531 753
567 554
324324 324241
78326 83273
34874 40934
999998 999999
9876 10000
73 71
308 353
377 654
4623 8095
9417 4393
81972 85556
901 6833
388 859
5236 4415
70347 67457
33701 85954
97151 77926
71375 76801
8204 7409
5249 1060
9746 9304
28223 16521
355586 187
263397 865138
979743 818978
85971 30425
62475 37681
10704 39345
96542 5961
48500 58823
74289 38308
47775 77792
810 3597
23265 68820
19460 21228
20776 26392
1366 99142
2695 43389
49283 93321
43433 29519
34053 87408
56825 51236
94060 28531
23121 54634
28056 21419
14109 67864
22151 90498
3 9
54592 57330
3144 7586
98276 58207
43524 14759
60	88
36241 77537
938708 616601
77698 98420
669 171
538 120
13203 21142
67150 76127
692	542
35463 43575
11665 28491
796260 806486
548 887
6989 2672
747 5360
724 7336
1234 3611
378225 824940
838 174
613 398
23213 213434
12 123
89723 23989
327 487
7238 32942
32713 98232
374 824
219 302
28939 29802
1283 9327
12389 12314
1203 1239
13 213
872 1937
1238 9273
3874 24893
27 73
927 349
729 947
78342 78238
2378 4904
1237 8732
3487 9348
298 943
3981 9843
129 940
47 94
128 137
2347 2483
1238 9473
1238 9238
857 937
137 847
5683 9729
93247 92473
983247 932483
2343 2332
10 30
4139 1232
1 199