1 1
2 1
1 2
1 999999
999999 1
999999 999999
999998 999999
999999 999998
555555 555554
640142 844816
180087 999929
364803 571863
775552 794086
255707 413026
398055 631636
593641 693785
166417 996091
722124 243605
597200 946184
426214 922210
977812 143682
949318 875757
353696 945155
479635 915208
528283 919323
787639 344405
752276 56472
727019 741128
168015 614224
563124 600487
90488 91045
56240 620312
53881 81706
297395 424482
410670 945395
509329 513338
811816 277172
699074 894578
397105 393089
363595 726689
792560 511729
295 537119
531372 824152
88987 941838
647930 799223
243809 521529
263888 607644
96865 823276
138861 54736
80540 496832
829781 861920
517834 509383
970284 559603
442039 391985
223724 971754
747276 420382
552358 763564
181827 160640
901623 999911
454706 619703
790407 733674
165516 188927
696872 162018
439721 947764
3636 948670
337383 275264
168426 715688
698507 463696
942363 841181
879348 768312
489382 926525
447462 957927
944480 411989
584380 355750
665566 157951
794602 136944
576246 488746
196383 987025
752405 981447
13796 494053
743094 283446
969159 993499
884173 546668
922815 474696
952998 573490
985090 452451
727224 457095
159602 959530
954578 353226
876759 450075
108892 564741
496372 719930
238391 610290
220675 878947
786152 466004
336263 68572
340069 242282
698141 925182
839801 661689
831965 787820
549256 877846
895755 888139
481186 180141
602855 499142
687861 848415
568199 656746
86587 809100
562296 214879
398227 313963
