1 10
100 200
201 210
900 1000
1 1
2 1
1 22
999999 900000
500 600
222 222
999999 999999
999999 1
1 100
101 200
201 300
301 400
401 500
501 600
601 700
701 800
801 900
901 1000
1001 2000
2001 3000
3001 4000
4001 5000
5001 6000
6001 7000
7001 8000
9001 10000
10001 100000
100001 999999
999999 999998
59 11
200001 200100
781945 249859
1 999999
871714 842910
849722 499298
551885 772934
877815 269903
106237 20863
352230 812785
313441 384300
395383 759140
58397 31659
647038 914569
593666 822577
880814 500350
750264 281152
684019 684080
835825 363657
392027 44005
705108 275783
434904 432387
250537 278101
369321 741948
794588 370104
885828 637736
609289 780008
11053 610451
503137 698887
484593 576117
116321 761432
61885 889542
746649 565639
593855 950264
332592 613556
923497 347014
435396 355442
985696 454070
776466 149197
131204 764727
962594 62108
688376 508022
690708 320893
801600 932927
71502 842834
470235 12203
949934 126166
745648 430889
683144 963604
153392 374202
315535 221077
412318 9145
867398 471981
349355 245214
375213 501295
258892 507651
241269 839938
269696 197034
163015 372203
169250 79620
926275 173026
998248 391581
649820 606515
759418 52462
52172 161792
33389 433893
170735 100336
672776 335502
841659 380064
943199 832601
718698 340182
868967 154495
827678 404509
127759 167773
641344 415038
802191 495034
31418 322889
954397 813509
24969 973845
449232 626814
548141 748869
494431 46741
526424 609846
677885 813486
228439 726801
150114 984982
138606 443096
776638 340320
355981 581200
813349 676334
804395 285553
901328 934598
895977 468843
480190 155535
71439 44863
232252 523920
342068 409746
216533 71892
102509 152683
198175 958859
735671 973706
362966 790874
88250 75425
206227 9046
333472 213434
902498 205743
174129 80193
595480 255748
518533 25985
744682 237502
955175 430568
91352 729581
928076 670524
279718 753250
908080 370694
576685 585483
309760 615633
15314 22638
32805 624656
141030 804802
992447 824994
508798 611201
469744 760955
612018 808080
484277 480212
468600 785981
261637 471297
400489 506144
358739 680598
201831 146570
191259 68434
632412 151070
888285 754463
128095 286357
601392 833611
935480 858543
220823 274301
361846 185397
359772 364801
254582 184363
992924 504561
57838 732051
354718 921630
570720 438332
353298 819940
63443 327890
288419 469604
160922 305461
125956 747329
607262 237148
367040 302027
55938 954887
885728 369060
956752 363008