1 10
100 200
201 210
900 1000
1 1
999999 999999
300 301
9 8
32 88
26 80
46 76
38 91
64 66
44 45
25 70
84 7
88 43
19404 50819
35657 75482
45164 51600
40967 41043
36395 21053
4280 78938
26863 71323
46908 71011
90487 17755
38065 48079
44077 45445
77206 33438
64460 20915
15506 44305
94531 58948
99093 5558
13261 91846
72600 4500
38323 41040
7761 92931
18872 2239
17048 8793
4119 7220
6946 5064
10737 4186
18561 8867
8261 7251
14858 423
7899 5086
19363 14836
6738 19719
4015 13467
4622 769
5408 9992
1956 10686
18357 12688
10747 17270
14418 4677
1200 4012
9143 10474
425255 373230
206597 850804
267374 874330
716241 936651
820374 375163
748993 81138
492093 112531
411984 131856
364321 148992
583495 849112
167730 518324
628040 846852
353456 847506
304450 600571
388224 908587
211994 93736
577585 718474
833147 383444
714197 28604
669475 399046
551624 277714
859070 158413
417298 178001
297878 740400
356003 122825
842556 124429
772742 898013
159176 976044
993031 189903
838276 798749
474875 346782
752063 956535
804099 992935
793505 200164
445549 183642
581245 382953
500484 13973
98592 396065
447078 36374
305323 696832
994503 966822
739870 869666
562937 612168
798703 594312
831411 645047
643338 930956
781306 829389
870912 748464
602014 676303
858105 986316
865163 610408
798710 555452
869333 608858
681538 999181
858553 546091
935735 602089
784369 852132
931378 654585
722777 765402
813561 906386
681695 669
113632 524
343680 127
953833 270
425745 388
494108 239
693936 104
249594 868
446728 718
37539 542
22504 14706
23614 12628
20683 13982
25517 12544
24838 14844
