1 10
100 200
201 210
900 1000
551732 754244
718771 899641
910404 753770
467002 240997
373967 767764
742267 650208
991127 167376
75573 609642
906318 993636
14756 73534
358418 149394
869458 961814
569131 915721
609625 658167
741322 255085
54590 198074
210745 529285
720391 986397
245747 28183
414529 214222
544792 595650
554371 952567
688523 500693
626681 267243
773067 145462
74037 539370
625562 991005
641678 311353
190490 299318
923460 378173
424295 188025
97873 946822
809080 420837
464471 646439
419188 677893
57083 468890
227024 333141
932464 707229
371421 316017
974870 878308
892669 868174
112802 192959
57222 399865
470663 936901
52752 626152
223409 987307
340540 734410
932255 57993
629314 578532
957509 498704
479874 85875
823939 619370
2509 55726
922850 460501
489258 275851
596101 342416
33329 410627
88040 73005
826643 132770
263637 987125
49751 48708
336214 555439
381208 615442
975553 791457
817870 367544
475280 641178
853786 343333
262648 853303
260547 173659
698485 314794
614376 550289
235920 360134
811185 423433
261764 594743
96673 216498
396338 850287
513622 223942
760096 854057
57229 453719
169430 511929
544078 165037
204162 29931
520610 703164
399293 278240
694571 484405
973482 173117
892170 293356
233461 188567
742403 496915
448911 942648
95091 385742
452658 295402
760059 545255
359152 219544
205358 733871
993432 378396
82653 341757
20339 419292
803541 568440
559792 699004
788083 333545
726545 322838
611858 23167
210769 584526
969870 703689
594464 990221
210372 553271
777510 513337
492612 646260
218741 226598
740005 483381
97986 383546
686513 34994
429769 499233
922963 992127
734617 124846
739479 56231
775806 413520
237287 161690
137365 559522
725708 791267
577742 599405
852802 709024
938563 642676
524336 822299
332506 698461
83908 626829
174648 308516
316234 111475
796978 249850
958180 94741
508459 444240
214430 650835
506557 668899
794915 263234
356766 638036
276949 981357
535347 736731
111363 179446
471955 70485
389782 537590
940590 664971
851183 131187
70018 953869
691480 364045
963321 988456
884022 151091
146643 688
566046 205757
596610 602310
1 1000000
