1 10
100 200
201 210
900 1000
90 98
1 100
100 300
301 208
1 1
999 999
1 9999
20 399
37 987
123 456
654 321
121 212
211 111
123456 789876
10000 100001
2 12
3 17
999999 1
2222 777777
483 288888
3 987654
1234 5678
8765 4321
272727 272727
8999 89999
999998 999999
543789 438999
20000 30000
878787 878789
1 2
11 22
111 222
1111 22222
11111 222222
222222 11111
404040 404001
89 10000
203 488
735 377
7777 8888
191919 234123
9000 9909
101010 101011
101011 101011
74444 228837
11111 22222
33333 44444
55555 66666
77777 88888
99999 88888
77777 66666
55555 44444
33333 22222
99999 11111
111111 222222
222222 111111
333333 444444
444444 333333
444444 555555
555555 444444
555555 666666
666666 555555
666666 777777
777777 666666
777777 888888
888888 777777
888888 999999
999999 888888
500 10000
10000 20000
20000 40000
40000 80000
80000 160000
160000 320000
320000 640000
640000 128000
256000 128000
999999 256000
232323 323232
434343 343434
545454 454545
656565 565656
767676 676767
878787 787878
989898 898989
909090 919191
221113 485738
548674 273643
322774 596832
432130 470000
573267 583922
274891 485361
182426 596422
273744 294595
322555 555555
877284 392848
483727 38485
43754 3727
24 345
35 55
23 32
2 2
3 3
4 4
5 5
6 6
7 7
8 8
10 11