1 10
100 200
201 210
900 1000
9500 16201
87955 652398
794620 88421
549841 8795
785 988413
9845 14512
98613 97613
79613 987915
98 451
974511 345616
4512 564
784 99451
2 999999
654 9413
48451 6586
9855 78
145 987451
34516 451136
36512 641239
784 6512
7513 9845
64851 942
1542 245365
658154 845136
35162 461364
984 14563
451 3451
9845 10245
784 6512
6457 45169
7481 154763
895 451368
9 845
7845 154269
235 4851
84 7812
954 36512
485168 754126
65134 864513
7845 65481
62 41526
8941 26547
77325 6512
265411 584916
48516 845169
38 9541
954 45168
95 154886
356 4512
6589 841
145 84516
956 51
86451 854
3647 841
95154 951648
8945 154236
849 65137
1549 63248
3625 784951
954364 8451
78452 89463
15489 5416
894 4851
12 7845
89 15426
1365 78451
884512 5126
54893 2547
456123 6811
1545 784516
58136 451
7456 95163
154 25
6615 95613
854 84451
63254 13542
3625 36248
98456 65213
784952 254168
62358 1542
15428 45123
784 85461
854612 45136
784 120486
7845 15478
63251 784516
45 8459
1548 84162
95613 54781
451 8453
962 6358
362157 784962
1547 784512
26 458193
26 845
9561 74581
784613 154681
4516 8592
516 48512
7894 84516
154938 451268
19873 155448
35915 846912
2516 458
3764 154297
15 846235
1547 4519
846 8459
4516 73548
784 956
548891 165423
15489 154299
78463 78456
15493 451987
154893 154923
45813 845923
461853 756419
8493 94516
516478 451637
24156 136749
264869 154268
648519 547138
451 8451
78451 2154
5186 1365
45816 1547
4518 945163
154 78451
364 194623
45178 51263
95416 845136
845 62351
4518 77415
1 1000000
32 15
36 845
