1 10
100 200
201 210
900 1000
10 1
200 100
210 201
1000 900
2500 2600
2600 2700
2700 2800
2800 2900
2900 3000
3000 3100
3100 3200
3200 3300
3300 3400
3400 3500
3500 3600
3600 3700
3700 3800
3800 3900
3900 4000
4000 4100
4100 4200
4200 4300
4300 4400
4400 4500
22500 22600
22600 22700
22700 22800
22800 22900
22900 23000
23000 23100
23100 23200
23200 23300
23300 23400
23400 23500
23500 23600
23600 23700
23700 23800
23800 23900
23900 24000
24000 24100
24100 24200
24200 24300
24300 24400
24400 24500
122500 122600
122600 122700
122700 122800
122800 122900
122900 123000
123000 123100
123100 123200
123200 123300
123300 123400
123400 123500
123500 123600
123600 123700
123700 123800
123800 123900
123900 124000
124000 124100
124100 124200
124200 124300
124300 124400
124400 124500
522500 522600
522600 522700
522700 522800
522800 522900
522900 523000
523000 523100
523100 523200
523200 523300
523300 523400
523400 523500
523500 523600
523600 523700
523700 523800
523800 523900
523900 524000
524000 524100
524100 524200
524200 524300
524300 524400
524400 524500
822500 822600
822600 822700
822700 822800
822800 822900
822900 823000
823000 823100
823100 823200
823200 823300
823300 823400
823400 823500
823500 823600
823600 823700
823700 823800
823800 823900
823900 824000
824000 824100
824100 824200
824200 824300
824300 824400
824400 824500
