1 10 
10 20 
20 25 
90 100 
11 21
21 31
31 41
41 51
51 61
61 71
71 81
81 91
91 101
101 111
111 121
121 131
131 141
141 151
151 161
161 171
171 181
181 191
201 211
211 212
212 222
222 231
212 233
233 243
253 263
273 283
283 293
301 311
321 331
331 341
341 351
351 361
361 371
381 391 
391 400
401 411
411 421
421 431
431 441
451 461
461 471
471 488
489 500
500 516
520 561
513 599
600 610
610 621
621 631
631 641
641 651
651 661
661 671
671 681
681 691
701 711
711 721 
721 731
731 741 
741 751
751 761
761 771
771 781
781 791
801 811
811 821
821 831
831 841
841 851 
851 861
861 871
872 881
881 889
890 899
900 910
910 921
921 930
931 941
941 950
950 960
961 970
970 980
981 999
1000 1111
1234 1239
1300 1350
1366 1400
1400 1420
1420 1433
1435 1488
1488 1590
1356 1500
1590 1600
1600 1610
1610 1640
1640 1666
1666 1777
1777 1888
1888 1999
1999 2010
2010 2033
2033 2066
2066 2088
