1 10
100 200
201 210
900 1000
430956 629202
868008 529665
472515 239632
335513 819933
187403 635135
696506 330432
107740 995794
50786 358638
531169 397416
385147 81580
804215 865342
21481 226113
252841 848163
489823 165902
915650 791052
522432 343584
840946 287619
156049 314206
305973 909571
778726 505325
718564 932502
398315 619629
523378 304092
166710 419259
9018 889255
478814 344134
1773 146240
872361 397690
180972 294263
496998 83622
741452 783253
546647 64265
168194 72311
5793 538836
436424 22386
443765 516417
440299 368221
369430 598989
260589 266112
716349 924524
661329 30436
504595 979734
871440 519920
751240 780558
803771 905339
502568 261254
194853 384077
628118 946913
543442 288425
12318 987788
747321 770730
748495 395267
659935 506813
346285 625799
881815 125484
894260 344130
425831 396044
914471 649261
828502 732249
789193 620527
859252 101218
691093 998226
168457 830778
311628 631816
414526 589771
969324 918601
612385 261562
371043 64230
436254 708983
173346 741203
876776 537446
210649 65880
979753 799121
768671 977965
972111 732403
550405 129974
582469 276985
590859 35006
694838 978494
150070 773456
241526 861599
578694 212878
625916 642846
999281 271442
142930 980170
921389 798084
131748 643757
645802 128069
843590 975032
772632 864098
950422 669925
80772 398877
363449 161277
422164 171010
468224 544665
337979 673198
746514 541830
14577 790336
41709 341102
459572 329174
680866 195300
514451 433131
163924 568973
567159 628802
959484 742738
6080 698450
260113 648857
42286 620257
598335 579066
304145 774022
813599 995965
747743 671406
943452 226222
673408 861729
917001 363841
75761 805484
537434 385799
61272 822168
258296 980564
131766 70789
569794 30893
935203 971461
975680 483246
633867 632179
807638 509637
742267 25532
250580 185817
317462 909660
875671 823398
796015 270598
403712 604301
768883 802217
617282 324392
432299 928744
37751 452803
675169 368732
230988 192107
946568 261851
322333 785890
417256 478098
342635 970984
802370 498769
928845 472982
449469 795617
678822 325311
390713 729377
284162 691578
352338 908202
305648 967029
569743 58145
697307 345216
749042 145927
457838 483399
901700 61380
32442 881513
650937 543088
22487 484374
266861 490743
258186 32458
177 650217
805390 537797
655350 67163
744599 303307
320546 833352
901092 363064
957901 697826
82605 24374
873522 405595
756936 675525
130315 821636
237486 445082
798965 520180
711501 564588
811638 38396
258643 849256
771067 793910
532097 490283
448630 55102
350479 985574
125149 119790
305884 707561
51582 288601
136485 823200
192442 388389
464213 655271
384840 437682
450071 729604
760579 789839
169903 598768
536604 388044
453476 859056
632271 480968
849357 170311
947058 145968
14520 262310
886734 316186
