1 1
999999 999999
10 8
879 564
283923 82931
89231 20
88578 99232
090 12
5748 99983
90909 10394
99998 99999
508994 300495
588686 945005
123456 654321
88 12
1 999999
999999 1
80 8
803425 394
43412 12000
989781 407902
930113 149436
992442 668926
965032 552397
280234 130663
894514 918771
302672 919058
249986 99007
813099 898914
634121 219642
522868 408706
199722 907207
815332 970116
758611 446475
399865 161550
674099 577690
162743 166832
344291 503344
841113 570016
957260 541548
833018 640888
154673 913963
557998 95986
313657 312129
208524 239408
212764 998873
846038 330957
125902 491564
823436 57072
893939 991520
18375 497335
672145 227770
928233 458186
772423 683216
416708 728573
316115 629416
455051 44824
608609 766456
239745 351673
361133 35152
289860 956876
265036 894311
610019 546609
164718 507193
441100 69350
883894 237840
946404 516858
992058 828310
161516 764675
580530 635523
574371 511210
529153 4157
7645 376405
348402 131212
704724 623884
910138 764697
370743 58462
109934 141569
212081 598961
814244 631313
905878 61561
654154 254971
549929 881870
117580 508202
978083 399353
578980 765703
524936 308369
441833 450220
328438 669331
650683 211407
243975 520984
231979 30074
163073 602318
53984 244455
645687 789716
169675 122797
13108 470390
684009 399668
658332 324816
196061 695088
257030 140955
632640 612347
208818 824306
976652 490361
117298 715961
562901 316
381807 789847
78599 205396
937936 526754
799341 76681
438824 52639
677459 808908
650306 386872
94429 380475
620566 943084
633555 194748
517180 66701
96595 308296
849833 128621
308459 329189
537695 298434
805796 264614
256229 355251
896215 232671
965414 202417
905935 703622
46648 816781
283792 952715
236953 964881
704441 601254
558758 674348
983937 73816
848175 375065
574996 457665
113154 221441
839005 440403
433989 863483
129790 261380
950532 769195
476636 53294
809552 545644
231489 54746
640503 648596
798857 834976
865637 508496
981215 835802
675020 32784
21174 167800
584432 202415
164336 410177
454678 74942
296050 586638
536802 483895
1381 646512
102813 614064
178585 20787
150164 986942
204854 581590
670518 873182
172812 935292
221834 442461
104824 621373
553267 831573
332144 794646
437430 245567
483752 809758
125219 407838
680655 669667