1 10
2 17
14 3
14 55
55 70
50 10
12 34
24 46
15 35
134 135
125 236
158 357
236 799
2578 3588
2346 3457
1234 2345
23 445
235 456
234 345
456 567
345 546
234 456
5679 5678
457890 345798
23457 566789
23467 368900
233 455
3666 3467
5679 5678
12346 234567
45689 567000
123557 456896
37584 845753
337596 3945956
1234 69798
25465 960667
235 2344
434 3456
235 4678
3456 3689
5256 4578
344678 577892
2345 65647
1 2
1 3
1 4
1 55
1 55555
24355 234533
23457 254688
2322 232354
23 346
655 42
346 346
43 22
32 21
21 1
2 21
21 32
112 124
3563 457
3456 5633
3467 45234
45452 457346
32 434
434 545
544 656
767 8787
4345 4567
345 3547
5678 8499
4536 7579
4536 8985
25366 38605
12362 727468
2 4
3 8
346 864
145 3468
232 565
2457 4588
43567 46789
24567 45789
2567 46789
2562 3232
46263 23678
23423 23645
23467 444444
565643 236743
236236 767457
23243 673673
234534 44562
343 356
4 6
6 99
48 0089
464 7689
001 456
345 001
452 010
34010 0020
23 53
245 2375
3452 5642
12453 3624
43134 66566
41 66
36 76
2344 56
45 7367
342 4563
45765 23424
4545 23678
234 345
456 678
678 0807
4567 34578
678 3452
23456 245737
456 634
5434 67337
46 643
242 435
354 456
567 56
456 3456
2346 3457
1234 2345
345 5642
42327 74683
13462 6456
2367 7527
37235 245728