231621 487313
658580 494670
976422 175260
4399 914707
962451 706945
530441 758419
36294 749862
735695 534146
113129 84257
743210 585589
818947 10863
617916 152927
278251 854498
581329 333733
393078 530353
558648 337215
911423 651060
255347 761917
170360 568734
335107 831595
330892 298638
51693 762222
672295 265292
268921 469715
180364 23123
503990 972123
481843 745527
911076 704939
346289 547768
54397 355424
604850 871450
366018 438224
896196 978587
481554 308664
68841 448411
744254 961531
241150 756220
717147 499415
450319 868086
107646 690856
825645 977784
511013 641602
473926 921364
121987 192040
614144 187982
563252 1335
561522 103403
374094 760232
511389 253868
625465 452866
248485 625624
36615 454940
281186 645494
116499 453181
545245 284044
100498 941206
147312 453363
2001 242664
673165 773868
292206 710804
16426 263008
996782 831347
107424 298327
829609 801572
244440 241439
991276 765502
934691 454706
402755 792587
637249 118321
196021 916391
812658 319650
408528 479264
659843 228553
232723 406050
187459 41727
71033 728091
844722 915653
655949 37036
724021 820854
721193 557050
778238 23985
182285 411783
268666 279596
707515 342620
380715 708807
858978 526828
183045 448002
107102 187969
358951 186757
513630 532097
399954 347308
965745 672134
535446 970323
68325 378268
930868 414710
736633 986338
216019 132496
744962 303048
917764 950101
406347 731643
113084 942984
190285 154613
65662 602327
969835 890451
445051 763523
644761 254400
598827 782427
301486 543993
833699 301494
335959 472816
49423 570328
400704 450864
284666 75054
195936 705571
828367 154099
124577 266924
140518 5317
817914 74002
967172 798939
605257 683953
362065 236126
706327 932989
19979 349802
177611 561336
439776 140703
933633 926981
638467 970981
870327 571918
188394 61979
97999 843009
108864 230546
386182 879301
129051 949885
214405 391782
805965 420931
766860 106113
181795 490449
906662 85491
374041 262397
346626 613226
762112 738669
12573 209793
947067 280304
581102 159810
977448 347832
842672 64577
883591 411354
355996 569041
549031 333186
875500 448043
5 5
1 1
4 5
5 4