1 10
100 200
201 210
900 1000
3113 1695
1585 6278
40 159
4694 6890
882 4379
2464 5129
1506 4603
466 7610
4471 3379
1340 2744
1774 696
5937 7089
3740 424
1004 4087
5954 279
2625 5108
7111 493
4270 5484
1785 4487
3619 7407
6807 3717
5253 6823
1022 54
156 6946
3952 7079
878 771
1376 1518
3638 615
303 4368
4393 1313
3868 6868
52 4333
7174 719
7423 798
5773 3692
3328 7148
3401 4770
49 2737
1321 6178
1944 1330
5935 7092
4915 6084
3929 7571
2653 1695
1117 1727
2154 1222
4827 2743
6481 5134
2150 6034
5877 6564
3310 122
3101 1652
6038 558
6586 4850
82 5479
4410 4575
3485 6157
1838 188
4441 7355
204 7407
5631 6010
325 6060
6682 5816
4903 593
6612 1333
1243 5446
1045 99
3867 6566
2314 362
3997 1844
824 7954
4444 1316
7037 6380
4732 5684
1271 1254
1426 84
209 5226
3929 5481
2194 6202
342 5805
4693 1076
5115 6509
3895 6786
3319 7499
358 6480
7310 2279
3248 1151
7983 5972
6640 4023
4823 6971
2489 2011
4072 1394
5185 3133
6537 5283
6551 3215
2123 6025
3490 6237
6055 6893
5596 747
2224 5047
7294 6126
1514 2303
5662 1614
5929 1003
6178 2647
4838 3549
5108 1664
2250 4418
7228 3438
7344 6472
5574 213
4522 3877
2623 4002
367 3639
3262 7448
7559 7359
5550 7525
7537 3495
5480 4763
1858 1430
3167 4655
5648 2450
674 5332
3804 7129
309 2529
7209 3409
5749 4127
2640 4803
2511 559
6269 364
1097 5823
4285 2975
2350 7078
5048 6580
6493 5859
317 4364
2871 4274
6977 5218
4924 2417
5038 6269
4328 3459
557 6792
6392 4024
3068 4652
6871 513
4770 3245
5635 5518
4289 7800
3025 4755
6039 1146
3383 6155
7148 599
820 5199
7153 3427
5605 55
4966 463
3266 3427
6514 1047
3664 1345
656 6101
247 5914
6013 3382
1538 7755
6394 1899
1868 924
5280 3924
2798 5779
841 1051
4522 1803
7489 1828
4694 3148
3360 4545
5656 4548
5033 7601
7253 449
4878 7907
4918 382
3080 6928
3917 607
6196 1622
4736 7678
432 2017
2909 6574
1995 5635
846 7255
4307 7705
994 2286
2099 6011
2436 6850
4575 6436
4428 1379
1574 4390
1156 7901
4515 46
5368 2011
2082 7118
897 7079
6857 5164
2154 3472
3958 5657
