1 10
100 200
201 210
900 1000
1 1
999998 999999
2000 2000
4001 4000
300 1400
197891 141823
168512 772197
254123 143306
124212 667818
168996 172437
40361 312286
875132 591532
247218 122673
375784 15344
992319 966162
976405 723545
149594 803573
181096 849050
568497 360045
589999 385021
129879 746607
988588 224076
79224 489020
689282 333152
675050 430151
961137 83072
565036 690565
378318 182545
466508 336568
91119 941833
378831 710316
771892 762238
81238 904244
233173 125340
398707 545030
773846 761404
749241 656727
308670 541435
643541 125971
631988 972510
286621 189147
648633 924528
610986 230855
740564 355535
92285 956509
707139 167517
677632 148576
987502 560059
766365 93144
979940 55658
134666 147897
52201 691928
783210 14859
857782 69078
678697 266915
985502 265745
155300 765170
582992 974988
567314 735059
554956 45070
149150 774765
55171 421888
129300 627389
933393 218857
663252 918779
11937 120887
710770 866843
47677 946939
596579 624377
638776 218042
747458 816717
40611 922414
759298 711167
516962 532011
756238 88202
165160 908721
284868 285999
533357 902321
948127 703880
725315 98932
641328 919391
642992 805337
180818 142766
676146 230876
607675 948405
479388 347731
646790 724234
636167 426708
167962 737142
969090 499508
442132 978690
368899 906220
617667 891958
532439 905006
315420 277174
165601 677244
93268 693262
620722 784346
102151 573786
799775 580774
14943 618455
384772 861693
746681 660212
176028 278174
863983 480138
847006 44361
600537 529505
306733 402772
606776 341148
875838 112035
121377 202837
558043 982425
976261 136222
452624 511871
29511 986475
812915 113976
32563 364187
302657 97402
178145 672089
519870 126849
918354 544975
443016 249580
29122 543801
376860 4745
