1 10
100 200
201 210
900 1000
210219	562117
951578	876581
341403	542400
883265	393400
147186	882171
244558	388499
58094	129600
315132	348583
90070	873842
416977	900618
462595	447852
31242	169823
415031	625144
49885	972557
407057	474189
782599	544977
649228	772748
6069	666738
424068	84918
668921	247937
506969	611332
164625	936500
541605	21001
124153	571158
858788	486160
654977	447226
541977	89359
57583	389480
519228	746532
427348	721255
643565	561819
808482	910894
181300	94595
839212	624613
755655	605840
986788	62028
194859	420940
847925	220658
210368	932152
927106	534941
920476	302331
110837	183474
676353	188065
594984	631720
201995	403951
439116	822794
545908	890507
410703	32045
86364	506984
289186	552914
4395	578078
579820	760676
948388	711674
719666	489602
533011	978963
630448	105361
573868	522260
828620	771845
446611	893064
918973	60496
710671	990681
337346	615427
570071	176916
332191	913000
457998	1553
842211	600838
444098	489511
954196	448889
687790	140911
610496	596837
363052	665381
588234	838617
614717	971355
349266	739000
192252	497562
24958	912808
47751	290469
385422	667755
65306	33922
925400	462706
757306	856908
866830	92166
225873	101108
256763	900489
845574	780020
8234	152127
100541	165803
106391	978839
674210	812583
652285	896990
886095	482127
292930	836978
341925	450420
204431	950592
51986	282876
222222	469771
856515	434050
483900	542427
673342	263261
487094	806969
1 1
2 2
3 3
4 4
5 5
6 6
7 7
8 8
9 9
10 10
10 1
9 2
8 3
7 4
6 5
5 6
4 7
3 8
2 9
1 8
8 96
96 870
870 6170
6170 77030
77030 837798
1 9
8 97
96 871
870 6171
6170 77031
77030 837799
1 8
1 96
1 870
1 6170
1 77030
1 837798
1 9
1 97
1 871
1 6171
1 77031
1 837799
8 1
96 8
870 96
6170 870
77030 6170
837798 77030
9 1
97 8
871 96
6171 870
77031 6170
837799 77030
8 9
96 9
870 9
6170 9
77030 9
837798 9
9 8
97 8
871 8
6171 8
77031 8
837799 8
