1 10
100 200
201 210
900 1000
5 333
2 2223
375 788


1 1
1 2
1 3
2 4
1 5
1 9
1 65
100 101
1000 10000
5000 15000
3 5
3 4
17 93
17 94
12 32
12 59
333 444
21 8
22 7
100 1
111 2
128 1
1 5
37 19
18 527
17 3598
4000 6009
5 5
7 8
7 9 
7 11
11 7
32 33
50 60
50 70
2 3
2 5
89 1327
89 34
67 55
546 678
123 4567
6 8
68 89
1 5555
5555 9000
23 27
23 67
34 89
34 90
34 900
12 13
12 12
15 21
200 500
500 200
501 500
500 500
45 47
45 495
21 12
56 99
2 999
1 9
78 89
55 77
5 7
5341 6534
2229 8740
7890 9125
981 1199
981 1120
980 1119
981 1200
678 4576
12 999999
1 999999
34 982
2 2222
4 16
76 78
89 91
90 211
17 19
1 6
854 919
47 49
47 56
279 1080
2 256
1 256
89 56
78 87
34 56
12 90
11 1111
543 971
345 908
895 987
1119 7523
34 678
12756 54647
28575 58999
39705 98976
69787 99999
45980 79593
1000 89023
5647 68493
5839 9998
47565 77585
81645 65847
95847 21038
987 7
7 987
1726 45679
3162 91826
5647 67
13 17
1908 1087
1907 14567
11111 22222
11111 22223