1 10
100 200
201 210
900 1000
154048 534672
444603 639354
812538 450063
418737 286282
89171 224613
855521 368505
350601 958065
566991 212760
14785 479067
720889 68667
918032 702266
183999 175970
850071 992815
603106 319126
624346 803291
890992 194733
501838 17312
678843 369368
449568 248566
697314 376779
535919 151605
640338 10147
20111 208953
164645 491679
515035 128444
36800 439897
398338 614053
998536 119920
214979 449613
337053 187316
57028 728277
106710 687645
256311 593093
712535 976736
256687 106325
102216 295638
78794 901036
243366 632198
177101 581086
255824 841973
472183 284474
934024 709752
581679 371268
873920 130056
358373 883313
965667 693031
85990 107395
458181 732332
805157 857029
393341 998039
906470 590859
94288 231624
43035 294994
433754 510405
616460 873914
609312 550891
340331 543459
593303 875525
991519 9303
552640 934000
276169 589818
825389 778303
163111 328738
569184 194563
681095 957585
39353 887354
732436 388222
591054 870137
153180 737798
646433 248593
881723 236149
684719 172449
675406 398639
604634 345338
213546 856922
474869 936965
623850 962254
235255 332531
517226 618129
262355 409664
735947 412350
898897 597600
36544 613720
4518 468151
314112 280840
76872 185085
286418 912167
267603 613891
595126 433161
43091 308069
530243 141255
160579 628084
405764 363674
975311 23076
109365 452275
357682 788534
925826 799509
364647 31117
647817 291999
921844 727788
829535 865077
7467 716757
385177 790382
395039 525473
669273 108706
379314 276777
191285 19031
498747 124599
912339 506684
55905 415698
984905 584349
162565 876332
564141 145867
3483 248393
608873 691666
341629 327326
460502 304885
745421 233393
655200 744714
580326 879173
911071 546222
478398 827277
198089 27899
702810 903167
