1 10
100 200
201 210
900 1000
2000 2000
1 999999
88888 88889
900000 900001
75634 79534
500000 500001
1 1
202 204
999999 1
450 451
500000 500000
1 2
2 2 
2 4 
4 1 
2 1 
9 10 
200 203 
780 942
50000 500001
760000 760001
251 8400
250 250
999999 999999
823 635636
4325 63451
76 5363
545 6546
2345 6774
123 1234
532 314
5900 5901 
1 3
1 5
1 7 
1 9
3 1
5 1 
6 1 
8 1 
74 1 
980001 999999
950000 999999
545345 174563
7453 562456
5262 656249
42455 2341
563 62365
212 212
124 521
735235 678465
732425 732425
59145 5266545
1312 131
1 20
1 21
1 22
1 23
1 24
1 25
1 26
1 27
1 28 
1 29 
1 30
999999 999998
999999 999997
999999 999996
999999 999995
999999 999994
999999 999993
999999 999992
999999 999991
8131 9234
85275 32942
294 5258
9535 985835
3857 3248
646 123
18424 24942
28474 1238
12394 9442
24249 2432
9123 3259
1324 2423
100 500
600 1000
833 933
133 324 
954 9999
9 9999
99999 123456
12345 123456
3424 9831
425 93420
9000 900052
424 232
777 777
777 778
1 500001
500001 1
500001 500002
500002 500001
500001 500003
499999 500000
499998 500000
499997 500000
499998 500001
499999 400001
4255 55
55 66
77 88 
99 111
131 313
727 272
88 121
911 9123