1 10
100 200
201 210
900 1000
5 24
33 333
79 80
1000 1250
11 111
1 1500
10000 10050
99 9999
66 72
88 95
2445 5555
21 31
44 656
55 98
2000 3000
4000 5000
6000 7500
8500 9999
666 6666
13 1313
2121 2222
879 978
69 96
1 21
555 666
3321 4646
9 19
46 466
32 323
7 77
9 11
1 3
5 28
49 550
79 790
55 64
77 565
5 66
42 423
420 540
56 643
20000 21000
1002 1313
653 9797
1 99
22 56
1 1
5 6
21 22
6 97
97 666
9 89
666 699
54 455
21 33
123 789
321 654
87 455
21 22
123 855
54 66
212 3333
656 1371
545 798
96 694
70 71
71 89
333 2245
13 99
65 898
75 254
93 365
11 77
87 10000
93 99
8000 9536
8100 9555
3333 3450
1354 9896
2521 5565
3233 5454
6666 9999
7777 9999
8888 9999
9999 11111
90 99
235 666
4545 5550
22 110
47 74
5 6
6 9
8 40
2 6
9 10
10 100
88 99
65 440
554 890
33 112
225 555
446 6665
2123 5454
878 999
565 1313
54876 55555
12 333
547 9896
1313 100000