1 10
100 200
201 210
900 1000
882517 907293
617446 913510
28105 171708
139264 861305
588428 809282
264180 505642
874953 977491
811224 949943
600242 815922
796326 994231
877061 888927
449862 952452
522872 922719
921268 946109
985001 994436
260624 833950
537006 541190
808992 831499
706436 914767
813025 974953
894333 984670
713895 751216
81927 274053
763533 861006
744301 761368
882203 992010
536916 628702
414950 588986
509693 983972
901928 903978
905374 944089
345886 645474
976792 998228
916249 994770
49187 765145
750040 936173
363213 454597
308752 948853
551435 575585
433244 526245
363982 717885
902006 920658
362932 412228
430495 797204
404396 599520
226476 302776
188909 556660
870402 891337
292273 603396
173029 947843
703640 728022
277775 558584
117913 370585
377715 941946
615419 920919
867847 889903
880939 923332
393689 969475
979083 995707
290484 381074
782145 963191
260792 541507
474008 592688
108452 452785
381793 817864
49309 141312
700313 893237
785070 971136
893007 977204
270061 762563
404467 823635
952726 993404
231323 722256
595487 895377
629786 748112
571874 746562
668068 763435
602260 939120
256092 596484
491432 784774
294270 615727
675096 834366
326246 411628
924803 952152
537260 762691
374187 837224
435035 891696
637641 815825
714154 729903
770181 861795
49235 181537
556303 766463
131546 780505
20009 658340
953752 984617
795534 871308
204495 836534
725677 929023
58673 515554
310486 958632
382344 940636
678315 753367
423932 462464
594668 604341
25408 240764
610426 922501
187976 839724
422383 536641
455806 999351
238437 912330
752784 925154
228656 650196
917050 938804
66220 551827
149442 954097
642630 756796
643001 668912
817981 916727
702783 761347
121617 398984
276281 929918
112227 736217
481578 515345
344243 643808
235286 591673
221586 733897
363807 400108
867463 975813
57408 430774
22042 586976
259585 459746
833568 875513
608694 829033
922738 986608
749892 819275
833480 947936
418223 474322
863788 880769
305493 964317
786486 966420
334073 907408
511412 953604
713447 899332
914026 994573
992944 998105
23744 649494
152918 767714
290941 528000
615741 947370
433521 690598
518240 816452
753212 806901
846281 919845
240716 800346
112313 514951
697327 921851
241910 657305
659119 896841
775516 884703
112018 547629
526557 967096
75645 262454
317731 481937
440547 662723
168687 575467
19648 668692
71719 308271
346061 608091
799404 978902
395354 443111
21511 891300
635277 745753
531043 602865
683527 853545
888404 946475
335044 793549
655315 657212
397320 907310
784980 904967
483044 800237
214923 770943
709393 863900
415818 836652
594800 905159
249024 703790
112256 836827
630566 988870
523812 845740
334496 582284
374443 757728
961045 996578
395157 496370
881609 912615
840641 970428
126618 681493
90906 380008