1 10
100 200
201 210
900 1000
521651 535242
947962 949261
767651 782747
642542 651762
707409 713615
43502 56616
802067 803371
113297 129237
928314 944973
810909 827975
11283 17913
754182 770902
48888 62992
608195 621494
646212 649065
820610 830793
799442 807262
382624 393622
613222 622377
684297 694351
411608 418235
295653 297118
309248 326435
598323 600078
637460 652865
972500 990463
139890 145280
988051 1006284
270358 280665
737154 755688
167102 177000
889929 892637
495593 512106
890602 905837
231028 231512
744959 752842
64038 80046
189632 193012
347355 360034
440698 441736
575650 583882
586563 594816
201171 206467
14322 29090
636585 648409
854079 865498
606829 611249
702884 719497
535067 542982
111750 118690
230644 247780
257025 276974
221584 222384
16871 26012
543532 561640
910153 919050
176890 180769
652233 662133
768807 772128
658276 678097
818960 834792
684763 690711
495361 514654
95348 112621
957249 972099
780332 787943
821903 840844
372729 373968
299360 315712
194659 198122
744677 752699
152541 155980
904289 909818
169077 182145
211687 217394
328856 344540
374859 392286
647099 650671
85993 89707
164876 171426
85235 85687
781225 800243
363873 381437
926160 938836
139690 143703
147825 166313
929238 945890
39553 54056
58815 72687
450975 462493
668491 671127
549472 560305
595917 607994
134954 142684
20693 31260
376583 385775
599921 607645
678380 697517
666143 682255
40103 42015

