234 432
12344 56435
879787 31223
7531 5457
963 8545
1 2
99 99
523453 543154
47422 58842
524385 657755
234789 679047
545 1377
5023 5756
3414 57465
7521 8455
59844 68797
111 258
798459 979879
10000 999999
4654 45465
545 5765
67 69
1561 978
4325 564354
1564 6295
900 925
9849 78987
5151 6464
525 600
8989 54455
455434 546645
15498 89799
3156 3458
2770 3600
4567 9843
28 98
43253 566754
453 6554
7878 1651
789 4987
545 6754
15 17
979 5487
453 6756
4531 675
98 117
43543 67655
3654 981
799888 899999
74894 16546
543 654
1345 6535
7987 1614
423 867
135 876
87 295
423 547884
7816 1748
784 151871
798749 999999
5443 6564
13453 7676
987949 984987
9846 46549
54543 5635
6754 2345
13 31
258 369
741 852
936 987
123456 987654
31256 98456
432 546
78546 25694
4235 78767
59494 8789
78 487
435543 57665
9117 8714
423 487
1235 8481
894 197
45432 54655
79889 4949
4543 498
5443 79787
53342 45334
78 197
5432 1984
432 1984
98771 19197
524 5434
784 1651
54343 54654
4532 6544
7897 9519 
487 197
423543 564554
324543 432544
2345 5454
345324 78578
765654 65757
7978 123498
499 542353
42385 45254
897 16998
54523 98498
879 98798
8789 64565
542354 54354
5434 65465
489 6549
49435 49894
54523 54432
78797 98798