1 10
100 200
201 210
900 1000
1000 1500
27 43
15001 20000
123 128
100000 100002
129 12
9000 189
80 82
7890 378920
83 12
278 678
923 789
12 12
1245 7382
273 302
819 283
27 1
123 4325
679 90
67 10
89 12
3215 3300
789 650
9078 9100
15 43
82 84
19 17
64 32
16 17
188 200
8329 8500
289 738
700 799
190 289
738 8201
389 400
99 107
63 64
78 27
1084 379
200 208
801 899
623 618
388 290
7282 8978
801 839
701 892
92 78
34 67
39 89
2992 3000
901 838
17 28
131 189
12 14
71 29
120 278
121 90
1999 2004
1890 8901
81 10
890 274
67 90
818 673
56 59
92 99
801 790
54 69
36 89
10 20
782 809
12 24
8 12
67 64
271 828
81 89
6777 8900
52 78
90 95
7889 6789
56 66
192 204
78 16
1 2
24 28
189 726
72 19
37 47
29 30
1991 3899
901 279
900000 1000000
379 268
1902 782
178 16
17 78
19 6
179 716
63 77
18 91
123 567
91 18
189 183
17 268
39 47
1 17
23 61
19 16
203 283