165970 170385
373682 461269
197995 535156
619123 841916
19288 653037
567234 651398
786326 948872
98275 226251
579675 851397
9129 394930
158286 924194
271318 607376
430771 612650
395676 570459
659291 659739
415730 804057
26821 449016
484153 668132
340680 579295
220637 296514
308675 689294
433048 523060
550334 970838
383407 860667
283358 792205
778887 809301
242171 973300
233949 436322
579184 647146
20279 937995
92073 841091
536809 609921
181548 858086
219059 295300
354389 626495
181420 187595
238431 765485
423423 884932
341546 977903
254 818131
212120 690540
363230 635448
330586 676144
314607 984669
5207 377436
463623 689995
875493 891118
281608 392706
354992 977925
427031 890773
87838 548228
201485 329286
40477 764396
677072 734879
965427 989994
384005 775446
32418 454659
248140 288306
475269 958772
412823 845769
212137 508661
848091 958387
68964 590811
716501 758006
516827 794920
89860 152614
177964 998100
20506 494647
161729 480706
24633 293666
20992 496220
45893 192739
28203 293679
232716 308276
227806 557746
350767 813054
247834 576965
470381 803217
609988 648446
222267 968966
262169 732852
393787 783458
82767 715415
452609 701610
103159 329204
602826 811078
241308 274946
72026 307801
138099 380227
531733 752791
155252 908501
149171 245301
711460 744871
185092 534299
637892 783528
274629 623608
384969 579464
232651 825554
516319 832856
768388 901786
331184 910559
17822 718677
657258 683858
962597 999992
183543 557675
511555 823415
255145 363467
129888 919348
595792 756579
711246 744174
201351 815193
70028 656926
451710 598624
264431 909786
704386 903499
249839 275625
69907 317942
61508 390652
755896 765529
84350 400836
503539 701744
82364 200688
319997 683022
27773 249766
474437 750732
405823 549844
558089 753343
43531 440662
682857 858375
65832 319981
756444 851161
447868 710811
195431 444996
220667 631688
108649 151141
56528 464604
430912 452350
123414 436892
338779 364353
486575 652255
354997 858088
289427 935128
645321 652353
212040 638436
301015 627391
3288 288137
61766 659951
376928 795754
21622 754411
51145 75775
298783 900626
62129 79535
49637 889447
231022 771474
412017 780736
12663 644361
42962 631060
86565 340870
519006 874200
282522 406392
918177 959829
342403 397777
538549 805216
504999 619665
405998 815548
146846 654501
212644 364789
478769 633453
150008 504831
482645 820047
619078 994519
599506 678863
801069 914677
16399 350485
126189 536134
158710 712665
32154 284013
172931 229594
328509 876913
888730 961607
335770 416229
298183 382385
462860 881334
305440 387240
84596 712596
827669 954454
68093 287013
49082 249831
134880 760307
132708 255947
621503 746302
218046 354664
59016 461272
183886 833861
16629 184504
854139 961457
39463 528414
192988 752004
605100 758371
41144 109713
