1 10
100 200
201 210
900 1000
921274 28918
335244 232180
700378 92729
763015 386721
133647 328892
363371 581957
56444 687677
604877 90486
216565 214550
862192 256038
9173 773776
876525 714331
151562 911643
775537 192796
640282 884091
155838 241845
188141 935356
559861 393715
391459 241964
190268 844614
1371 928391
614490 603706
861583 673226
423670 859224
934650 956140
188767 187460
513607 422398
713433 875397
483068 26675
56918 116213
265839 180922
865185 384386
598071 813020
808752 990933
435307 280919
991737 190587
199872 308497
505688 820823
718075 997180
172385 240130
760146 406529
491544 230157
337551 116775
877567 919942
639832 914708
837133 921594
20788 914302
851323 514314
278513 472875
399198 746772
961033 276900
333134 786520
375899 593912
804619 86944
848152 863830
278229 712483
458057 470859
996232 133668
425247 161730
841851 30544
840353 713208
81718 835377
809143 266793
251224 38581
401587 636895
238066 94215
998230 636186
881731 612921
410335 426962
791670 903023
523403 169416
293306 267754
459097 730375
819507 358737
113493 108700
504012 11748
930484 32588
390255 576227
299248 86825
623720 78061
527303 457506
942948 822386
659824 988481
426757 74775
770240 841839
539568 540125
314446 166971
306505 212282
100646 795208
795239 96606
64762 282979
892887 467064
734681 386940
23329 696159
898806 99806
585390 597732
877700 181735
962371 900951
921968 498648
676837 804574
586490 180692
871612 729247
641254 140681
439431 527814
874919 535061
394015 558250
287371 251218
50887 884515
21794 474881
264993 30580
744310 167030
111725 367236
250078 265731
293102 503571
498213 292125
873788 993906
123539 512392
879645 381903
177291 90735
478140 383879
966987 305042
526222 47806
373564 543947
220388 501118
317099 902119
724515 72805
137498 804323
658969 12209
8803 922700
485353 641107
50243 859109
869219 523365
644648 210569
315300 634094
530858 543742
614261 36359
299063 135866
154903 129783
533170 683415
471224 324266
132985 153138
877701 499950
353531 687683
6321 791167
58969 125071
557794 731147
620024 583426
741496 244012
870793 897912
