14   30
15   34
12   25
15   42
6   33
59   268
116   153
98   177
58   281
74   256
86   166
91   266
53   354
122   425
106   363
1705   6254
2110   5320
665   6040
2169   7009
2264   2517
1087   3125
1716   2730
1104   3815
2197   4474
762   3016
1615   5606
1558   3316
1179   4215
1664   3056
1758   5116
13689   25509
12073   41842
12842   16096
13108   43069
11619   29689
14239   25848
12970   43508
13456   27244
12736   37064
9324   30174
10135   19142
12592   24289
10776   18066
8186   25991
8464   21848
13774   23202
11853   44144
11381   20717
13752   24902
12846   19742
11441   16304
10391   16179
10835   45326
8557   22726
8246   34347
8422   43098
13396   18382
12023   48466
9960   19112
10602   43717
11964   46360
13573   49284
13054   31074
13126   47683
11499   21636
11634   37505
11292   18476
14558   27087
11767   46624
10096   18064
13251   15223
9867   23856
10521   18888
12651   44763
11814   28668
9480   35947
11417   27976
8291   27303
8070   21165
14668   21012
10682   41037
10566   48054
14481   26789
9288   47984
12635   22971
10891   24126
10157   48008
12378   46882
13848   39871
13907   22620
12486   33496
8235   39923
13096   24764
10568   25347
9181   45819
10657   21302
9748   45728
12472   35661
8930   20223
8764   24179
11704   22469
12860   26006
9089   28081
14928   21383
13839   25653
8253   46704
12433   18488
8213   30790
12249   42503
10331   26973
62440   343157
52295   428339
50455   202437
61867   433171
54964   264385
63292   481086
58661   435562
53468   408817
69619   151815
77231   240245
88042   388719
77865   481055
91276   276899
75646   447975
62216   371241
96633   231552
76607   269490
52938   218100
61200   381370
98227   414669
62155   176536
53030   498475
91216   195807
67534   451791
81357   217139
640658   760114
661710   923395
500093   995082
590981   836084
517806   947852
664431   901043
508407   882945
712215   811240
620505   928865
607725   826048
684506   920432
589927   755208
606257   893621
652952   871148
560532   988927
625994   922627
748298   933080
711897   848744
708651   835527
526912   812346
670099   886546
579281   822408
662095   969867
676466   849745
604280   778649
534971   854047
570035   757660
553423   850921
585360   857961
669532   904065
673231   954686
721483   782459
658954   935688
718346   847885
743720   889424