1 1000000
890 890
1 10
100 200
201 210
900 1000
164 108
194 133
61 172
140 136
81 172
9 171
16 133
35 158
41 57
109 72
3 46
147 121
155 81
196 114
69 59
170 115
48 128
79 195
1024 2501
2413 8184
9148 2758
5895 9073
1092 9697
961 2522
4312 6208
4849 8030
2596 6694
4566 707
831 1532
6924 8664
4904 5324
214 3858
6635 2393
9765 4088
9374 908
9240 3471
2358 3605
1551 2627
8779 3106
9869 7757
4338 4857
9364 4104
5102 540
4270 6193
1880 7977
6719 2724
7451 9084
8957 9101
705 9145
4966 2716
7168 7642
3108 1063
1670 7101
5566 7152
5691 7728
4700 8601
6187 4458
5538 8591
5053 6650
6257 5437
2326 2073
1674 2330
5868 4154
1132 3891
7302 2678
1168 9879
3968 9077
5733 7570
7721 2250
4237 6412
7302 1056
9997 5463
2123 8696
6265 1670
3786 436
1635 3540
7795 3795
4057 2251
1899 4930
8402 5391
9262 8457
6207 9067
9369 8260
5587 1371
6816 1706
5058 7996
8933 8100
4435 3708
5198 2739
5202 8629
7152 4357
810 5162
8765 5002
4987 6716
7373 4651
6944 1203
5690 9030
6207 4840
2637 3989
8084 5571
9817 7942
9708 9565
5592 8101
2739 4861
8483 7814
3742 9588
4443 5640
6553 2198
2679 6271
3544 7350
5158 272
9813 7231
6976 4377
2777 4857
1961 8460
2292 7472
5394 8430
8089 9516
7637 805
8661 1225
7838 512
6839 1126
5586 2957
7808 4270
9262 8299
7239 5230
9871 8039
7467 8783
3865 8170
5328 4874
9408 2183
987 6824
3901 1166
9213 5446
4600 5004
450 5191
6444 4729
3512 4819
6535 3500
8207 4571
5166 5102
4927 4100
5121 3776
7617 9922
3658 3832
9106 4334
5120 3970
6138 716