1 10
100 200
201 210
900 1000
10000 100000
20000 200000
30000 300000
40000 400000
50000 500000
60000 600000
70000 700000
80000 800000
90000 900000
687 395853
94985 983473
57 984957
74820 84839
583 693
293 596
395 6907
195 9683
189 5968
893 6938
947 8395
793 9386
397 1068
102 5902
583 6020
8395 68395
9572 60286
2968 10285
1928 29586
1929 69630
9603 29358
2389 89603
5489 89065
2039 34053
9345 30495
9873 93845
9873 34853
1 100
1 1000
1 10000
1 100000
2 200
2 2000
2 20000
2 200000
3 300
3 3000
3 30000
3 300000
4 400
4 4000
4 40000
4 400000
5 500
5 5000
5 50000
5 500000
6 600
6 6000
6 60000
6 600000
7 700
7 7000
7 70000
7 700000
8 800
8 8000
8 80000
8 800000
9 900
9 9000
9 90000
9 900000
1234 2345
2345 3456
3456 4567
4567 5678
5678 6789
6789 7890
456 876
346 987
567 789
123 876
543 987
675 876
353 457
644 979
876 999
654 765
454 657
456 512
11111 22222
22222 33333
33333 44444
44444 55555
55555 66666
66666 77777
77777 88888
88888 99999
294 29583
849 39476
294 50183
105 29572
205 39175
294 69285
299 59275
101 60285
196 45906
345 20906
298 60953
284 60954
238 90291
849 24744
295 55996
194 59385
396 74877
395 68744
953 22759
908 78052
406 27855
295 96843
1 999999
