1 10
100 200
201 210
900 1000
200 400
400 600
770 800
1000 10000
1 10000
2 20000
500 5000
300 799
222 945
230 853
200 500
532 24365
23 2345
234 985
867 2345
324 86543
12 4532
264 456
80 90
230 260
444 555
743 932
12 3425
123 1233
324 2435
55 342
23 234
9 10
1 1
5 50
6 60
7 700
800 1000
122 210
12314 12345
666 999
9999 10000
1234 12345
12345 12348
9 999999
88282 99999
2345 234522
8 8888
9 99999 
10 1000
34 2345
98 897
934680 217607
109828 928418
732514 583834
675762 837073
317884 167728
187240 380375
275106 199541
465424 820035
945711 385186
448944 651038
20 36
59 7
77 65
12 14
2 77
92 24
35 82
78 28
37 84
47601 58714
69299 48432
53475 31512
29880 32496
74904 69997
53963 58004
45124 28848
77806 52788
87627 21763
32556 35167
14363 99548
37751 452803
675169 368732
230988 192107
946568 261851
322333 785890
417256 478098
342635 970984
802370 498769
928845 472982
449469 795617
678822 325311
390713 729377
284162 691578
352338 908202
305648 967029
569743 58145
697307 345216
749042 145927
457838 483399
901700 61380
32442 881513
