1 10
100 200
201 210
900 1000
16 372
1 1
8925 -635
55 78522
-62 -8766
36 -888
16 18
6464 266
-99 100000
4 7888
222 227
3434 -444
122 333
-9 -200
-123 4567
2199 2541
1314 2744
1910 8573
41024 7216
3974 683300
4813 5255
8819 -8103
4454 8856
8856 7990
7990 5060
5060 1173
1173 8940
8940 2997
2997 8980
8980 7525
7525 5398
5398 1074
1074 1532
1532 7889
7889 8606
8606 9601
9601 2930
2930 6120
6120 6141
6141 1449
1449 8436
8436 486
486 1320
1320 886
886 6599
6599 2076
2076 6817
6817 5580
5580 9795
9795 5868
5868 2709
2709 7718
7718 5913
5913 904
904 598
598 8511
8511 8301
8301 8449
8449 3728
3728 1530
1530 8776
8776 92
92 1185
1185 5477
5477 410
410 8081
8081 9701
9701 643
643 3684
3684 -4250 238
-4250 4293 202
4293 7978
7978 7375
7375 4984
4984 3431
3431 3164
3164 3087
3087 4585
4585 3226
3226 47
47 3249
3249 4661
4661 9759
9759 711
711 1235
1235 6826
6826 2588
2588 611
611 7718
7718 4754
4754 19
19 5454
5454 1541
1541 1957
2251 1907
1907 1446
1446 8132
8132 -6578
-6578 -3290
-3290 5646
5646 6011
6011 8254
8254 2712
379 7938
7938 6575
6575 6484
6484 8277
8277 7318
7318 1571
1571 536
536 3607
3607 6250
6250 3871
3871 6909
6909 3011
3011 4546
4546 8997
8997 4603
4603 895
895 3857
3857 3152
3152 -3476
-3476 7708
7708 6724
6724 4111
4111 2155
2155 9967
4738 291
291 3179
3179 5808
5808 1331
1331 3651
3651 9148
9148 5565
5565 5657
5657 6295
6295 3747
3747 1250
1250 5212
5212 2957
2957 8075
8075 -6788
-6788 5848
5848 3898
3898 1357
1357 3694
3694 3708
3708 7384
7384 5011
5011 6130
6130 2305
2305 151
151 3391
3391 7515
7515 3045
3045 8493
8493 9273
9273 2212
2212 757
757 4327
4327 7113
7113 7585
7585 4346
4346 9006
9006 9766
1 1000000
