1 10
100 200
201 210
900 1000
909 5944
4823 8166
4111 7746
7529 16306
9893 17335
2385 9763
1396 2165
3534 10496
8635 8914
398 10256
2910 6917
2626 8489
4999 5051
8774 11469
2999 3850
7132 11420
1224 9108
6083 14917
1672 9262
6380 8893
5430 12817
2063 3488
176 7502
611 1540
7780 17155
315 2130
9454 9901
3339 10210
5827 7432
1016 1441
7594 15568
6108 15983
322 8523
9677 15451
6961 11093
7593 14341
8164 13316
6482 13086
955 3893
2530 7449
2927 12778
6163 11087
142 5832
2265 6187
7196 16431
7150 9240
1462 5493
4820 6394
6467 8626
1516 9653
4366 13518
3023 7975
5156 9870
3018 5505
331 4928
3035 5346
3013 8413
4392 12209
934 9583
1253 2156
1826 7650
1216 8173
7030 8848
1107 6450
2448 8906
3804 13470
1932 7298
6136 12676
4923 10146
2399 9210
6315 10176
3232 7776
380 9211
7720 17258
3189 13065
9669 14756
1925 5250
9889 19278
4302 7514
7907 10824
3505 8190
7158 13175
5936 7797
5397 14210
4440 4559
4951 6215
5244 12598
9305 18975
6864 12386
2670 5771
2549 8303
1582 11057
546 3501
3658 7332
7943 16911
119 4456
264 6295
9533 16671
2214 4156
6679 6779
6772 13896
5390 12403
3127 4885
2986 11655
9120 14063
9376 16217
946 3091
6962 13379
3997 6097
6786 10049
4908 11854
3789 6375
5325 8675
2362 4220
725 10380
5157 8411
341 5866
9783 17734
7147 10154
6258 6389
6136 6792
7770 14882
51 2010
3855 10378
801 10424
7119 11659
6485 10323
3687 11155
534 623
3819 11715
2408 5582
3360 11405
8994 16457
4752 14318
3968 11250
9275 13025
8764 9491
4171 8247
9564 12358
6552 10266
2298 8514
2851 5487
779 3222
2901 8975
6190 8305
3843 9695
6379 12121
6336 15152
758 10164
3026 3765
