1 10
100 200
201 210
900 1000
89897 956215
78784 448

89 91
6546 78465
98 102
14520 35605
800 700
888 999
987546 999999

7897   55446
99  99
951  1000
963 9523
102556 625879
49746 116446
894343  904321
456213 784562
231456 147522
159148 365459
42589 54332
11 88888
963 1025
0122 9645
6000 8000
80934 79843
123 456
789 321
741 852
6738 98345
7817 87448
7898  7899
78943 89794
12 999999
857  987
1569 7534
384 562
9284 32457
36459 92784
226 783
1526 8253
6314 6534
890 1534
88 888888
9484 34343
78456 132984
5 666
9 789
2 14
214 4121
861 7167
832 537
5435 9875
713 514
76 81
12 300
1993 2017
11 24
1669 12548
1969 1974
1950 548484
54543 432543
2800 3860
6567 45548
8943 53548
4800 5000
2956 281818
45310 71304
9409 22334
30080 99281
1634 83292
84080 217808
405406 922340
31534 753675
3431 4354
3 879
7997 17788
7891 44444
593 7899
4225 4226
85 89
101 102
8 89
798 4648
5454 6565
424 54354
234 657
254 543
134 978
565 600
789 454
111 131
4523 4615
587 698
7124 47475
7323 4894
131 487
43154 97987

132 9879
5423 9464
52 63
90 47
78456 132684
231465 971321
542354 756576
134543 567675
43254 56434
76576 78785
4235 4245
80943 435803
54654 345235
43543 245443
78787 465454
5465 546546
6765 67876
4235 65765
19548 16297 
54654 87568
7845 13489
54654 543253
78465 19819
4564 15474
5442 5675
34543 57565
9784 22984
4545 5432
314542 56546
9054 435434
453445 453454
43524 452353
3554 3453
2345 3424
4354 43554
23453 34253
7567 87676 
43523 676576
5646 13211
45543 76556 
198498 141881
54645 42353
7565 7656
254 432
54654 65775
15118 167141
8934 56411
111 1111
222 22223


321423 52345
43 453
890 4433
15661 65161
46645 97889
846 1916
89535 95245
132 64543
5432 46546
57445 87898
3453 5564
4543 5343
84623 787974
897532 989998
452348 787946
