10 1
200 100
201 210
1000 900
63 5866
682 5296
2972 8459
1774 6387
2149 8720
412 9342
4006 7841
4905 6355
4772 6578
2882 8928
1293 7503
2087 9997
67 6915
2868 9419
717 6051
1419 8194
4514 8080
3118 7517
3358 6850
3429 8148
3442 9467
2401 7155
4350 8285
213 5244
2424 5516
952 5148
3266 5075
288 9242
3571 9848
2438 9946
4661 6022
1591 8752
4228 6995
610 6462
4574 8689
3591 6382
1370 5519
1363 9473
2456 8531
4051 5217
2010 6022
4474 7249
2285 8106
1015 6707
2267 6833
929 5032
522 8372
2719 7430
3532 9075
3035 5077
41 7438
2066 5311
4024 8586
4256 8238
2234 7585
702 9084
1201 8982
2228 9419
1084 9251
1224 9862
4475 8140
2598 6950
4433 5166
2717 6008
4961 5422
1909 5132
3243 7646
4646 8397
1121 6040
2143 9839
450 9825
3546 5182
4960 9358
2858 8588
937 7067
518 9775
1133 8292
799 7225
4362 8028
3444 8774
1257 9166
4996 9096
3832 5668
1380 5735
4310 9569
4401 5915
3975 7180
2562 6622
2999 6712
2601 7169
2245 5108
1033 9593
4132 6277
4063 7558
3829 8073
1484 7921
2669 5949
1053 7911
160 5690
4257 8319
