1 10
100 200
201 210
900 1000
15 115
303 404
499 598
200 701
777 1425
867 5309
4440 6661
9000 9001
991 2301
248 5499
4444 7854
3049 3099
9867 55552
7742 33694
3022 66320
15447 88745
44423 56009
600 690
55500 110001
7884 22390
7550 8991
860 4770
2310 6813
4400 5023
23789 99852
66457 70001
900 9000
2445 6637
859929 57539
561539 433131
40820 789023
294495 364383
216777 801792
664790 928656
423738 660824
257741 969755
142213 357192
147756 210076
885247 439952
56899 400962
360190 530049
116863 15398
382969 546775
467991 508481
643662 158318
600686 826795
630319 850599
339342 414217
686399 10658
409174 728516
407338 71965
694681 709187
734118 778948
582549 126386
135566 461020
390069 300890
6618 188559
161864 366720
469447 102389
285394 464251
474469 147125
770463 245504
784061 703664
138382 745398
281149 28550
712127 123128
286089 596837
216092 36670
48226 695819
642001 73478
991653 139845
361580 914002
701865 870361
476851 12503
9173 194366
990405 307379
768434 332552
492764 195040
248396 823591
951585 907391
226611 848028
790071 147185
585606 183138
471636 95047
925424 219469
112102 533530
651071 365100
924389 808243
344258 499902
335590 572060
934681 1876
879281 213573
417796 727168
139583 504600
811675 958383
782094 138606
471480 705530
595406 608393
42529 779813
257872 406474
82133 172526
599870 526128
21237 649359
964546 648599
778805 616655
50291 551233
93360 706232
765466 139065
701611 164596
622958 549881
978964 122890
269625 336400
110374 100364
995849 733977
902284 642148
613856 524690
360190 990558
282734 747071
824227 345003
641723 116529
344819 798385
932668 808588
870067 821303
431759 105452
788700 600272
781593 73140
909954 463529
34863 379669
652866 675591
875839 293921
352624 133447
876455 128394
690347 637545
993956 453684
927962 376803
795511 797230
10101 693241
101236 497069
475997 791397
25826 154789
612572 69531
605756 43554
379331 903696
329052 63635
358992 805576
110587 965435
918976 331932