646 94
73 79
236 249
140 930
197 583
400 845
513 810
27 684
482 731
13 70
151 888
785 992
428 544
231 731
652 921
267 365
65 69
108 465
54 719
257 273
12 612
47 272
420 656
677 888
469 954
496 707
341 913
81 706
51 568
43 569
738 909
27 595
845 933
223 874
146 552
207 896
768 932
142 867
268 487
527 933
78 99
463 831
116 494
578 846
65 589
489 977
17 111
288 568
115 771
189 771
1179 2313
1603 4564
2117 4514
3484 3700
2186 4559
1059 2260
1672 1721
1232 2266
2816 4079
2663 3725
3052 3490
3043 3137
3404 4862
3406 4854
1082 3486
2995 4619
1108 4561
2448 2623
1448 4323
1356 2132
3098 3159
3837 4322
3497 3860
1951 3564
2410 3012
4125 4459
2640 4080
2186 2864
3779 4731
4025 4205
11081 32613
36046 45042
24650 31636
28488 40979
20867 40446
29072 36081
16412 49814
30333 45996
30807 37544
24568 33382
12014 36220
11282 16625
25589 47430
40755 41304
34878 42116
23992 47362
16736 21437
13532 45511
10173 37138
12465 41623
287407 419167
176361 202214
251713 298959
215936 489310
180657 289822
129008 132297
176504 491423
185011 293238
167835 219524
206270 273078
579001 970310
390739 697740
127165 270786
101436 442543
166141 685478
897261 993611
397713 898858
619700 837267
295368 894996
162810 547475