1 10
100 200
201 210
900 1000
20 500000
831605 68371
698887 333057
580306 854614
990208 821005
979502 827772
394797 338166
764618 281110
957395 763837
31055 4309
722798 827389
411163 592445
776944 774576
863750 580515
242993 76131
264327 844088
348835 862241
506695 820876
850419 367639
202338 609572
812834 713002
570910 814073
994277 377731
40194 461284
609636 92407
683649 278875
233130 737135
988007 571568
79302 337520
245316 464123
11412 407011
185641 426693
574838 146471
482003 181330
149513 857430
403453 263518
84261 351923
285473 39367
80037 69842
694650 275117
717746 218294
854968 886111
753803 682877
726013 855789
897838 498724
559978 279256
240630 215300
127857 182982
890324 105277
774859 928074
177015 348546
537712 288627
641516 649888
392699 365969
985438 558590
741143 821101
638245 102434
190418 252747
124543 877688
860167 224644
251882 151584
832774 365479
236812 187022
639369 919823
917974 130024
174614 804069
207975 243446
701100 219765
696515 698469
578444 476260
49740 461926
925254 902945
506923 33713
578234 263666
822310 536886
30204 244734
62623 728111
453096 952915
525541 660630
254861 504570
533581 868273
653946 947873
271634 454328
738439 61174
732141 813975
235456 162792
765764 264062
853683 488739
898847 24373
391377 942814
496707 166552
19773 393270
203372 871708
698384 904464
416983 349410
231216 336310
264392 594378
701863 461632
176417 462619
722035 759980
413622 985912
639456 843568
719831 220731
7060 673250
839645 309382
996157 560599
671349 683882
856201 744949
364058 889039
30570 294906
710535 451835
778744 977770
792845 684928
429587 229299
61630 464024
998253 859217
915817 993842
154899 584228
633536 124118
779401 952038
909629 299819
24942 713296
35552 810304
361767 357718
837888 622216
618574 309899
387751 809691
127137 678827
181877 45007
799837 144347
711979 416994
867714 370731
465616 686839
555260 218294
406939 762968
914614 159388
340369 370137
490303 704408
610938 621396
979734 466785
461205 171830
980398 890699
293566 178924
609156 459382
320777 1042
2903 346966
658862 595067
443640 365633
379656 991730
121736 123183
69254 183749
