128918 96096
260632 448485
777891 564848
49750 777664
993589 993063
705457 843973
449398 797183
676572 1510
20119 156095
209756 801775
311118 563306
184536 273653
621231 4567
797642 331742
709640 735993
602266 376170
626739 850804
416835 915861
722361 157071
38980 695372
823514 540883
813290 261395
503282 854083
374179 729696
421708 261631
72896 843170
443246 196304
889700 882373
397862 296601
468909 978270
766109 20671
751851 172825
118324 480336
799573 176460
428047 143069
764989 22543
891972 815510
266581 175843
897319 715186
855182 576575
472842 896506
467701 703880
157433 378049
648849 513787
519081 540830
559659 621518
449537 392890
18911 818436
454402 125471
626959 303392
768423 458183
547508 304315
768982 621824
859592 562702
843347 432054
472526 529001
932867 81449
393778 181852
686003 514891
868918 333638
954135 647863
151636 797342
714930 216456
122008 855076
324486 520657
967416 576001
790651 835502
571260 920263
87752 645678
483543 117749
180692 2996
904799 404737
891926 825274
95048 153834
507099 457555
982477 700932
15307 169012
932565 274205
450722 579464
40285 448503
835142 902049
291806 229144
892384 465129
437655 535750
303883 225255
915939 945656
736300 459134
600845 147054
955002 407831
287575 495984
769754 562271
709789 266821
969895 902681
59616 718814
454897 391245
825533 563189
261510 847288
323417 682003
693108 574919
377269 687698