1 10
100 200
201 210
900 1000
10 10
100 100
1000 1000
442021 568400
977407 912317
952367 546897
679611 428797
912730 912730
574240 522387
988260 331674
477463 296733
957360 816438
144991 275625
793046 658641
419561 818078
384551 748911
765918 902615
976052 13512
812740 107918
382264 435052
140143 177698
1 1
322055 341855
508309 987775
803097 219325
416191 964682
205965 806241
669849 174419
793051 848830
746595 428216
175847 291009
817134 594405
963637 399816
119033 837613
321385 58378
305927 438252
667790 239157
311979 59530
650355 899517
985979 545442
18271 857670
401149 390720
554370 905727
997869 399755
233943 966256
364307 348251
220511 273126
801973 158967
347974 785170
319328 992887
182076 718571
930856 875393
231293 627647
616745 16294
668085 428589
377575 675493
156 367210
996672 985701
205986 16406
576231 845418
219792 820318
577261 306136
111401 668372
224428 301572
825593 854027
141928 146936
785356 20768
431983 602101
646104 723127
983737 848468
846983 35519
934985 68075
612818 697013
924585 44749
642525 193388
453164 367672
610686 345667
543411 878190
921494 443983
248793 668023
330472 235417
886503 554843
886049 808427
978952 918056
268745 984715
26824 855897
607051 543293
998035 123783
799409 32694
604450 906865
602132 184635
882517 459976
479180 857672
223421 531151
628803 528516
180912 859169
884230 318525
899833 436421
36268 71586
912579 135085
924103 466649
100050 167150
367984 710080
877155 172843
22851 997805
1 660167
52984 48177
527908 114447
506070 2404
858543 137042
69399 466634
553431 957515
117437 432213
947770 369249
489517 338434
673452 762310
637733 490275
477878 272541
529049 77382
893240 409865
499052 135066
571897 871221
48038 926395
670097 16882
886931 715091
335782 508849
106860 218116
946681 907236
856234 581810
94563 452169
17845 562245
574303 372741
68978 758572
13352 85021
873222 775810
341016 861339
210058 618940
465476 512317
869382 754642
606539 820800
808658 159591
128039 85542
61506 793982
63149 216212
448533 197717
550150 441239
589859 554499
682895 754182
740517 47642
351046 872053
755340 549058
785799 828669
906855 114510
927107 880698
457420 823160
277513 880255
452125 683860
467428 883690
888033 217222
286912 111521
215102 308233
526306 35738
608879 569523
228328 596426
642227 689363
338267 12118
325051 95001
912439 668684
543337 277355
723996 434937
586060 586133
200428 662078
235924 625133
31962 878550
709436 421865
555433 407994
740775 939794
408414 7732
334814 443170
782484 296187
995625 43761
930880 900694
331647 594557
151349 24399
145599 946726
859394 76759
198772 155480
41492 21022
652742 311118
272765 70695
174766 699827
955423 268919
401584 675736
55028 657368
1 999999
999999 1