1 10
100 200
201 210
900 1000
2000 320000
1 9999
900000 950000
45000 950000
30001 100000
65702 231648
631646 809652
965633 994680
314535 906423
117889 882663
348638 625496
238245 898613
579410 859165
966097 970183
140275 716710
391723 498298
707835 938845
894334 991081
203648 781607
417671 685021
710059 722913
983187 988747
671500 812641
686457 798543
947056 987261
558938 633599
529218 890433
395441 738501
433132 723489
565934 907229
535556 613021
632183 968538
935839 948731
968846 990806
461607 487953
238504 865861
34842 447129
641956 759125
544982 768742
66893 379539
294957 528837
196650 730342
393738 685121
574585 766766
711183 721726
67735 518765
198253 744693
260929 662515
829015 907379
539376 832094
563305 566331
116227 677572
112912 396998
677546 971279
538188 721783
107530 541749
735183 877556
898578 959377
347006 982364
642317 671923
582384 862189
306722 807904
662123 865515
411499 682174
200419 682681
124982 292666
834857 951860
147196 615519
570703 876567
818271 904099
418939 444393
490283 673259
553008 784900
552245 555763
440191 773295
257649 676192
21800 300920
430713 948501
507543 688983
179818 189956
823092 908482
523113 651015
2745 633593
987891 992273
824047 994870
704251 795689
992801 997773
862301 996577
287543 331595
90084 784966
228036 598838
436604 714073
381198 703391
444861 534485
947149 970576
996396 996776
29512 859063
397958 599685
165054 803878
589136 720278
559048 984495
441510 743939
445648 566246
723648 800662
13354 825351
361268 905691
583694 930467
53913 545690
416430 643095
647702 685401
755303 818032
767266 864196
654563 673725
770561 885169
104414 523622
968187 999752
262652 514147
702238 971620
675337 821638
817075 844082
426632 713615
342304 701281
369107 885997
210848 652474
49241 182946
834608 961812
384581 560185
900981 978185
795657 909234
702900 779008
743519 759754
361394 886235
816625 974256
738674 902296
9811 893579
297494 749878
728609 751715
267832 378266
743514 897016
473213 796615
896062 912479
75214 552033
388134 430614
735258 799657
111625 827352
432950 591509
519106 862578
644196 727396
24744 537182
887349 922203
703600 824176
185199 482176
211066 407709
603530 780285
499145 583209