1 10
100 200
201 210
900 1000
454055 603159
826335 683309
484459 643592
850912 881419
513948 13015
666973 224367
343341 473921
713777 712340
386064 373699
824221 744244
153775 840339
688767 129525
466890 473645
348152 935248
321443 695867
80102 675262
960034 874292
184007 243174
25845 743592
921674 950559
54469 780606
226034 887793
795505 483973
272779 670756
736043 718205
831435 829013
60372 496424
940292 70293
339318 595757
733681 39236
671866 839603
360967 401950
629272 909397
681749 833775
241628 56244
760402 91202
789944 407980
32547 540560
86837 863987
111755 224064
316820 111143
875718 503802
696897 423648
726062 348496
451906 770240
481038 894646
893780 134550
253235 317160
136960 975158
884759 23952
904524 119921
719201 210043
292586 467347
209241 708232
12928 533915
851501 26985
20708 391140
115130 44591
354483 141341
793598 822869
884955 311069
497354 590611
148040 766244
861847 33104
418805 161315
676451 573215
105323 168777
536312 494887
605845 739400
488169 799785
272058 497753
576305 919910
599329 403167
833556 551957
722306 102772
479789 881099
755279 630715
427227 467278
176663 142555
514630 570580
216946 841141
738652 593300
975488 829470
938278 924454
87387 305488
600582 392602
203651 958869
166031 484825
895656 799629
57350 793353
859988 463669
464453 779557
71401 738666
918368 103564
367578 449985
601668 635032
490089 405885
714935 418849
781476 507669
223514 913903
986479 542045
534518 365839
434709 971291
722309 6643
88680 766953
129900 310495
266539 213487
847396 511016
414180 593243
801467 699699
192056 131841
373858 133189
562917 730777
775164 950682
555105 646733
528728 539916
630543 121367
966399 907293
70192 272119
425684 530108
844990 490120
849879 169958
457001 915357
103669 955707
634433 115208
231439 474987
113876 168567
683067 468141
915417 824861
238055 890442
749253 398468
861672 84927
954115 480902
133781 987985
341893 796127
39677 937318
371480 494066
773746 848163
169276 552095
150462 978042
743031 327756
784035 207671
704757 573919
473956 570191
477369 66011
264859 775489
905936 62228
214209 803583
896010 51910