1 10
100 200
201 210
900 1000
1 1000000
1000000 1 

592610 970226
163147 481920
192796 24080
194513 382131
555447 18244
23109 998466
526122 471253
65631 104716
441485 990349
930049 127037
24759 829118
339072 869691
907517 610733
532135 628293
834431 738394
25560 826924
115552 444789
230436 448054
555801 389918
868788 63895
883854 553655
897879 330789
134045 131730
757618 437137
309374 432641
629923 382374
308404 677814
377865 253191
157087 868362
17844 683424
596994 38450
600498 706062
877041 478074
516512 214302
61308 726634
459695 956011
93907 615867
529757 123358
345865 164336
139534 254139
779588 451516
218530 975111
976284 331436
67579 793160
578949 35399
337128 459274
878060 901837
226421 430045
932964 408326
402766 789232
970165 495372
217465 550606
954537 819275
209183 556021
972532 961891
537098 987982
475611 871992
1701 974754
133780 897063
126541 871270
340295 117382
446285 128257
365482 113421
326865 956250
281559 150260
469829 129012
604417 845511
348630 359821
917447 606822
294461 140307
396302 602345
552510 990282
705646 982185
904663 675779
900300 559385
218856 864698
295707 275525
578802 302699
607921 938857
742927 45986
471110 682586
219732 288125
636382 417128
533567 191026
227535 110517
390520 925814
989065 260216
313520 385355
339394 766828
372247 204378
109034 596121
946044 129982
415444 795288
512267 952652
504469 97669
704561 179513
892734 791657
881589 881016
964583 994357
888201 745036
487369 664694
700763 668458
779599 555609
558137 877053
615947 671796
768095 159390
464225 778111
501670 586630
740310 990402
630380 824443
225839 837373
999413 691133
771139 365671
75445 998793
799184 607048
282452 683453
599778 503742
161804 560849
702725 755091
252705 776164
471817 934785
76083 227909
588910 522091
670021 357486
459914 854200
71545 963490
785874 267547
506026 345978
611936 923676
618043 750207
272016 959600
503347 96051
310261 967323
584347 189218
36888 320315
685810 913091
994652 375856
296531 35083
283697 878942
528466 622738
491667 489482
365102 569163
358157 102504
906471 205062
923245 245999
130488 998610
201439 406183
351517 765399
492554 704295
360718 152661
256732 883798
625008 50304
12390 109462
162626 524128
686893 975925
112844 405729
498251 539006
340144 493962
838755 17438
264995 672136
139178 296279
142751 407537
34377 530074
579874 17137
488805 495942
985948 105534
244984 9691
600339 51037
262425 687533
19173 963457
298979 181329
724173 539573
277050 630329
71841 894919
993642 723248
857114 977445
908994 242761
389832 86069
164704 453380
85021 510161
228211 193786
189910 313612
712691 489892
580935 399444
907908 748126
687646 395732
231434 570337
333042 720518
394201 878743
205390 396069
582376 815470
54387 216012
727449 987922
110815 821131
534883 783021
902519 212762
928823 33375
17334 77228
174613 514074
479520 253853