1 10
100 200
201 210
900 1000
1 1
989027 176137
308453 330351
538217 87457
227692 118771
907594 784030
21194 289342
991592 259431
746027 177664
259403 110690
53447 21263
534326 716814
693066 659233
768221 653332
636487 688770
202590 323186
458266 544089
567831 489120
744322 244143
897760 927719
769628 124472
934392 891105
955109 357806
758496 102535
369739 83410
740353 808542
69476 342515
833985 452788
422607 375567
626129 304359
209663 395642
648698 150080
693166 545335
988040 306701
156725 974990
846649 138830
745615 728487
348794 305183
218985 37051
288714 314002
449833 964495
541509 891199
682849 553689
629449 381536
622439 424794
898449 677705
190447 959474
35954 643580
920175 444360
812761 767508
103230 128903
586669 294400
644091 815445
958358 660504
68816 852808
333915 784783
254773 440534
105802 636124
647096 508274
80294 459991
68495 214486
165501 733110
676668 778312
882999 34295
10233 919756
725907 730727
478608 158996
516266 95398
662764 838235
18611 252602
133813 769921
97655 779749
160118 997282
125783 14481
50590 82308
464980 747022
82658 937476
825381 16696
641711 434226
637429 343510
389697 179581
653099 744620
420862 355664
578250 325397
945988 931204
660803 140069
1482 840255
559270 483241
359347 736568
192025 781051
340962 686007
878873 355729
84930 777858
989249 795743
498816 575304
99080 38821
724832 47153
625156 534171
91432 628123
192012 18943
566234 254611
243066 29914
795398 998985
690842 696120
98256 822437
872663 788703
153219 145640
549025 612980
223185 533129
974024 586592
617511 483423
22119 824152
930293 411348
899017 624400
763202 475916
466385 108642
675623 769165
186851 468342
862223 685545
923694 31869
375643 676814
256597 900135
657424 884262
517752 547818
184197 451005
147847 731913
217349 934907
80777 31313
465158 217620
278970 181590
286793 268833
161178 561127
71544 380699
446155 281710
690395 770648
96437 990429
190600 608425
162679 57762
372540 601388
195114 244554
929630 371912
402896 38932
112989 369026
770524 589475
810093 618767
114978 17168
867374 490619
874550 836330
863007 311579
324866 594115
