21 461
545 402
453 504
377 113
675 217
796 456
47 351
899 765
287 535
312 360
378 777
980 902
807 2
576 870
615 397
709 764
887 855
722 424
747 904
265 829
455 427
186 430
792 293
962 115
373 351
303 594
834 852
24 592
728 623
735 675
195 700
514 311
488 255
677 382
672 926
59 126
412 426
605 669
51 629
369 151
332 358
316 833
840 361
850 792
646 348
611 436
276 870
342 463
849 898
999 399
379 583
923 641
740 910
280 939
723 590
843 301
7 404
637 831
85 498
340 142
270 969
686 620
301 854
375 74
8 409
156 155
311 256
48 657
535 827
524 173
371 965
754 456
465 755
759 418
513 696
110 790
659 873
640 201
272 234
93 394
484 483
164 696
194 52
960 170
247 635
108 673
300 56
924 156
249 153
269 714
533 70
426 322
510 655
654 223
302 203
608 817
319 78
253 882
591 20
883 79
248 795
520 28
165 160
2 474
224 700
914 672
227 576
288 293
431 789
304 544
96 755
746 166
494 552
556 586
415 10
744 662
110 678
284 400
150 719
56 129
944 631
793 74
944 832
455 468
818 108
792 222
689 527
95 564
196 251
971 541
308 326
503 496
571 145
283 571
885 798
668 900
529 126
393 492
183 963
502 552
298 659
899 704
365 385
494 88
727 458
708 895
214 745
832 852
398 416
375 905
987 911
983 929
250 915
430 717
561 752
923 144
770 334
560 915
498 495
421 857
703 563
645 807
516 197
898 266
338 86
287 610
95 189
654 559
909 733
182 149
404 707
426 861
50 572
545 905
854 154
886 595
46 517
155 178
872 192
523 456
628 684
616 173
736 546
895 477
516 561
826 610
677 909
125 125
754 822
475 387
477 762
769 723
743 431
276 628
3 214
865 575
759 756
27 431
171 220
