1 10
100 200
201 210
900 1000
1 9999
1 999999
125864 1235
299504 335388
832878 765200
274079 749664
844078 995371
96112 799547
201209 481216
877074 214093
338606 538061
65125 499812
801434 471704
863875 620568
332285 689977
240503 810257
235894 651600
217544 94240
114000 957628
113274 452616
889864 389697
416736 292573
876071 267712
178894 900896
968786 82099
954050 978360
200617 372168
195210 299669
460462 769821
404260 734460
541418 169347
123465 889100
409780 442814
839895 985668
492726 115727
831811 440371
305001 797446
860245 775806
598316 948606
642567 113957
831830 453433
156370 97689
952669 401954
687099 894604
10680 287046
184250 70442
653771 774770
835716 905580
243704 74245
715840 653074
101374 676119
326457 811718
183650 66255
124409 927785
410416 593378
318482 712037
405367 922459
707974 203809
611385 31283
415790 612725
998281 638125
331834 410823
865805 228299
72599 604223
135887 109709
576440 623199
696603 792801
977775 252508
141653 987339
570849 160592
118648 340529
997004 348482
893782 882427
510074 152804
731531 2718
629955 472418
750478 512438
21724 123514
102913 983668
692037 84074
726424 419883
429417 952517
322054 94642
444624 964516
241659 741018
632365 180830
965729 580389
677160 899959
927744 513932
219771 747921
884040 759120
558464 530056
128937 801310
220838 356458
450658 868825
95594 707089
962717 789752
677006 762369
597906 597083
112500 881573
660516 351780
542417 686548
541834 967063
807490 704774
780170 991126
903220 642510
319784 772178
707334 712774
353450 628460
463239 767708
233553 845933
741376 944016
329949 154349
342256 709968
842739 305455
312835 602739
690058 341653
286763 204908
36098 13120
10657 46540
9428 21025
8720 48820
927 15867
20291 36361
49672 44646
47850 9514
17633 35561
21522 22777
24229 5369
38131 41622
33085 42864
8930 25839
42004 1902
14586 45739
40170 2152
27002 12833
12011 13590
9894 37711
46376 4549
14860 14460
18213 41408
7676 16715
34219 28507
49258 27941
32034 8527
3311 13849
23691 38703
2150 34606
27114 13474
27665 45116
22191 34163
23030 11179
3480 8503
46333 20988
4930 13366
20750 16234
35751 48861
44687 32569
11494 4006
43491 17930
29095 13214
19564 40159
45365 15704
23824 3752
42911 12415
7541 42903
19741 33136