1 10
100 200
201 210
900 1000
7 100
167 310
2010 2100
800 9000
11 101
102 220
901 1210
245 1721
188 637
854 215
940 388
709 36
696 857
308 971
695 987
914 789
19 819
751 418
882 522
647 135
446 64
64 365
893 144
658 147
689 896
980 919
116 4
6 168
191 685
699 631
391 826
227 123
323 391
397 98
725 493
43 538
445 470
298 793
799 859
402 142
643 42
445 757
815 346
746 660
994 729
494 801
651 591
661 14
638 205
371 205
857 625
931 645
791 487
323 115
370 789
414 327
234 80
22 670
323 270
278 736
162 747
591 408
635 505
732 80
193 134
96 757
977 831
729 747
649 650
357 844
949 781
890 79
333 599
367 269
762 699
474 570
864 853
295 999
523 749
858 731
621 84
50 809
592 885
921 595
944 974
778 406
746 751
728 642
735 21
736 554
17 159
651 796
573 898
226 758
436 45
149 911
625 163
758 754
51 825
236 163
402 980
26 255
150 713
168 339
503 595
993 825
889 594
618 473
706 932
726 602
750 982
956 42
905 60
27 231
865 943
918 442
462 84
97 101
314 510
125 985
404 550
736 745
788 493
253 418
135 706
65 643
350 108
340 216
572 271
82 76
608 492
503 320
848 178
866 304
410 984
363 973
107 556
847 280
985 261
518 339
505 566
658 975
555 971
186 287
5 565
531 692
292 624
952 233
184 311
242 396
374 2
503 676
857 77
565 580
430 751
488 572
988 385
353 762
41 445
704 919
897 721
321 325
155 26
972 334
184 483
208 843
57 730
22 593
179 949
734 949
356 685
675 733
252 789
24 669
724 674
405 113
319 460
573 331
181 701
626 781
572 685
645 484
736 895
270 718
368 686
89 697
70 755
551 905
930 269
946 448
534 866
374 386
195 444
125 704
428 676
868 677