1 10
100 200
201 210
900 1000
5000 400
907664 870520
545089 510965
639380 712708
461584 802049
619521 82302
303908 356523
412665 533967
550896 385186
230722 532093
499087 564798
498573 825215
402542 584946
786366 909114
884416 114871
353551 638851
231583 301330
307022 578233
604534 896310
720813 972014
767097 119253
944914 638467
673320 621252
340065 578275
320895 759038
881021 879332
153157 884931
867038 716736
580378 944345
350003 634282
401908 578848
27375 650933
489231 507178
432422 376327
254953 382283
660918 947282
927155 521416
233302 851328
372530 94659
799913 36598
65756 404079
490896 718225
119450 84512
369739 997729
972232 570542
213329 943977
403619 120429
722629 359964
408564 406510
445882 751728
969221 869259
299895 814723
376312 809480
85579 701673
429961 184783
992595 364410
510844 282371
102416 641912
228677 249797
117211 758908
629516 71001
173242 692450
343888 636775
187102 634856
762932 583637
323447 87679
544888 950233
953247 728737
238555 267049
733374 404628
518606 822486
282033 565648
545632 833036
792573 49995
368576 918305
157342 571394
859764 503817
252816 543485
245648 425085
988441 78039
667150 31947
796775 883992
285046 100326
516907 936515
355018 109098
153179 191639
46469 372363
551248 253530
298758 217737
505451 229905
155923 150055
787062 974237
937315 913827
912744 927909
328698 614552
887934 712039
989276 662693
601292 721198
10543 638000
261223 41819
965102 588949
22409 748352
117068 455247
227982 276634
981402 749348
209804 383964
246817 522111
130634 357850
118483 283719
7479 448827
592 536208
136527 21849
749073 184524
462002 757282
244384 564871
867781 609187
270957 363014
594298 300196
81879 677545
743945 69136
166109 644388
951285 18408
356200 53629
124913 912640
766231 648260
745439 199209
5039 457002
109775 321985
935281 340587
949516 228643
621931 610633
114186 458592
372794 922290
151471 581538
474232 250461
803240 767568
203580 661433
383348 78073
222820 517136
267152 850810
885194 462187
640550 721525
230753 629633
594566 2867
241185 124994
274849 772505
571396 608246
899777 138874
360103 229555
106021 589414
566385 320196