1 10
100 200
201 210
900 1000
1029 9832
1190 2999
122 192993
84675 98326
1 99999
999 1000000
84630 999919
101010 101010
1 1
16883 99999
1 989999
483690 659729
1482 18432
12345 13254
183740 891629
100001 111110
6849 20788
96866 817972
817972 986355
1845 936185
342334 520631
626738 704044
512 4040
9086 31494
16 999000
6243 76522
61422 97331
24896 60469
102925 357945
56060 699502
634134 698295
446181 763692
763692 863692
3806 6630
38389 230334
959412 999999
10 873320
618454 739052
74012 236262
919211 934331
15551 984433
508391 527821
206866 610859
6108 61085
23235 926542
15528 16000
171717 181818
999998 999999
28 9811
2121 212121
54744 98795
74679 77777
96964 100000
2 436440
4023 50933
1535 16235
32346 43264
6880 7999
21213 38956
7203 61521
7496 16453
25026 25026
51010 373052
387517 568117
324553 981074
717214 717214
40176 407449
816332 866558
55407 648357
9298 571926
11633 201121
69437 119758
11633 22222
19358 40473
69437 488258
857434 939312
808734 816387
63635 49364
468713 9298
465083 457314
640543 9298
41527 934
948514 5
11633 33
232481 2
542460 69437
250879 112420
86971 7262
468713 13
784408 284190
35967 7
775255 12442
69437 981
723314 199
18524 2
934 56
69437 92
31880 10
99 1
10100 10000
83732 55732