1 10
100 200
201 210
900 1000
20 30
40 50
1 150
6 16
400 1001
200 258
23 76
97 99
44 78
22 800
12 23
1 2000
6 9
99 234
34 34
2000 2005
1333 1455
26 260
7899 8990
1 55
456 786
987 1000
6000 7890
45 300
200 500
250 350
890 900
900 2000
500 550
77 88
88 99
99 111
700 750
750 800
22 89
1 2
1 1
10 10
90 90
60 65
670 680
10000 20000
330 660
250 250
1 9000
900 9000
20 10
50 1
200 100
66 55
300 299
700 600
45 40
800 670
670 660
1000 900
10001 1000
10 2
45 44
566 566
700 240
567 245
15 79
79 15
100 99
463815 549681
655826 667575
770394 551837
830921 544869
893935 357161
904823 696521
42888 607339
99868 939093
439887 205428
121896 997215
230660 268933
703335 319340
247508 745766
200704 56605
586863 32604
737191 366726
649727 800384
883652 978573
817073 756927
53017 729608
335321 469047
883247 981304
806645 817467
858636 470706
748581 405836
286666 143361
113486 933988
163460 916534
786968 953631
820578 127953
834149 229374
506596 238346
69988 296866
765138 678810
751884 563
856902 762479
986681 369870
27075 437290
646075 628137
323825 410300
845095 85391
816986 226366
31109 840945
70323 15175
945387 99484
486317 652021
221044 131034
408033 829287
918427 309174
12004 494463
321081 651216