105473 601842
525345 582678
130803 597311
511040 568347
167087 879324
863281 893887
208378 982295
442092 678170
235809 487093
315469 467067
590130 730863
448247 981054
97125 937810
788314 890023
582932 739543
31513 229191
137901 879462
873059 946248
29483 166430
12572 678349
528059 703192
682932 926662
473736 763532
76676 408741
14012 267290
56293 775464
200854 340097
340215 765846
375416 488309
303384 729752
396574 524450
45071 169072
87569 566216
422749 827576
302897 317098
581738 924408
242166 784243
11319 645183
144398 707620
260213 675706
760688 782833
490797 509058
174476 506546
308585 948610
13250 285461
214823 998881
1540 493919
173520 252705
453922 742590
442628 850912
226771 238604
179601 655893
202887 459651
390025 937983
230944 404435
555030 644968
56158 348468
137919 772810
461553 927242
802393 974645
31422 961254
62967 126504
548018 716290
198533 222662
73129 243681
244006 390273
178680 189512
336969 808200
711171 883086
170832 726190
431167 769835
180380 567866
207056 799072
554302 570950
108823 903519
229624 342514
540526 703522
246757 850373
522398 928594
201484 698497
662049 779149
674214 918315
126104 470977
155293 924286
660073 991930
37985 139127
418064 716485
81568 741963
448552 512867
415991 776198
161880 852829
365587 674058
623586 921464
859692 918458
123708 838184
426560 930548
19224 62989
626620 884568
199571 627890
811106 914277
415096 532650
240624 581162
444667 576730
365669 510709
80197 990180
241863 421862
240338 523489
353108 778852
56364 958895
526650 933139
257444 983416
110712 152770
661126 784710
114156 551915
10750 952219
182238 961465
239232 907444
647109 813714
64533 735666
478054 728305
295047 785691
109090 852095
254808 748120
253814 702856
85976 576133
497709 702240
648015 805982
580263 947998
265645 826514
796109 815287
353829 791350
249049 756947
673816 772667
868846 885659
140077 803348
509343 815055
142168 612793
486403 841653
51586 686770
187646 901560
211575 658458
94963 404152
269893 837254
401655 639155
65584 160778
684746 769638
350829 436530
22892 574706
95390 909230
668937 903088