1 10
100 200 
201 210
900 1000
516473 798726
126916 849856
199497 647056
664584 75528
708099 943662
315511 983518
502205 562165
796008 31025
940110 834864
386575 318544
345277 972409
240548 527837
346629 634178
548778 827054
730094 158565
312053 172175
373565 245863
106886 943934
819516 741580
164201 680276
639571 394394
681036 39711
57253 536894
46820 287093
729435 10168
656634 954382
1948 221060
891856 835609
229673 573663
79650 931862
751769 314363
194203 668988
12449 515178
830868 367266
492819 928697
610703 976772
347202 257715
255321 874027
800534 110985
16247 596758
898734 356812
316352 118600
604961 814847
85730 995001
65204 218606
250558 115451
651574 739832
294734 235320
523784 211099
166181 405979
481060 769773
813710 279611
674477 839506
948379 114068
662925 201206
993226 428869
408754 967385
858307 662759
145208 787068
998386 787104
644970 236015
197332 551717
128120 815374
584321 344999
176272 696794
965768 592158
491873 892892
688843 524703
196238 207397
973638 439559
277966 261676
983012 595390
869665 888966
879514 562225
517562 14919
502762 260635
59987 759712
641363 229198
649825 278022
59360 588367
400880 115201
389721 450527
300502 204830
939669 991915
203469 640744
500290 828636
734153 570518
141337 50324
712020 995151
572590 916236
897611 188353
470799 40561
922077 200668
942268 31147
518722 786875
694291 159289
377622 577938
938619 799897
977412 694490
108523 278250
686607 801546
95519 439461
468667 812067
447414 252999
973250 932874
868769 723490
610280 226777
127305 282436
839088 293184
739240 293002
54021 498029
262996 93596
274465 733815
527111 613095
184440 634540
685407 72628
52774 289470
841228 995411
303254 781604
292200 377587
435483 854362
590402 797146
43576 787683
535396 828909
979545 984639
67559 454968
586119 493951
879285 659530
22303 184439
792743 458668
72550 831333
160587 720986
997332 558274
415750 614473
387641 19511
985370 817080
398750 893466
274138 644925
277186 342222
894536 430465
667014 477643
847373 182458
91616 344143
467720 42340
725989 585004
80075 328311
