1 1
1 2
1 3
1 4
1 5
1 6
1 7
1 8
1 9
1 10
2 10
5 10
10 10
1 99
50 99
99 99
100 199
100 200
200 299
201 210
300 399
200 399
400 499
500 599
600 699
700 799
800 899
1 999
900 999
900 1000
1000 1099
1100 1199
1200 1299
1300 1399
1400 1499
1500 1599
1600 1699
1700 1799
1800 1899
1900 1999
1000 1999
1000 1599
1599 1000
2000 2099
2100 2199
2200 2299
2300 2399
2400 2499
2500 2599
2600 2699
2700 2799
2800 2899
2900 2999
2999 2900
1 2999
1999 2999
3000 3099
3100 3199
3200 3299
3300 3399
3200 3399
3400 3499
3500 3599
3600 3699
3700 3799
3800 3899
3900 3999
4000 4099
4100 4199
4200 4299
4300 4399
4200 4399
4400 4499
4500 4599
4600 4699
4700 4799
4800 4899
4900 4999
1 4999
4999 1
1999 4999
2999 4999
3999 4999
1 5000
5000 5000
5000 6000
5500 5999
5500 6000
6000 7000
7000 8000
8000 9000
8500 9000
9000 10000
1 10000
16447 16757
23234 20347
71606 12258
64934 65402
92270 74210
45473 56637
87495 55242
43029 85176
41830 39654
85228 45137
35895 27361
68379 34098
15388 18288
84066 78729
52280 44198
41525 58069
47570 75044
49252 92939
31770 59675
45727 27863
32734 54484
44505 34787
28324 61875
87652 49501
91043 42631
23840 31947
12543 45621
12768 46144
12995 46669
13224 47196
13455 47725
13688 48256
13923 48789
14160 49324
14399 49861
14640 50400
14883 50941
15128 51484
15375 52029
15624 52576
15875 53125
16128 53676
16383 54229
16640 54784
16899 55341
100000 100000
100001 100001
200000 200000
300000 300000
400000 400000
500000 500000
500001 500001
600000 600000
700000 700000
800000 800000
900000 900000
999999 999999
