1 10
100 200
201 210
900 1000
777 666
69 1
1337 1337
8080 7777
2234 7414
8713 1794
5960 8490
6045 7486
3056 3419
4321 8206
7407 3470
4854 2189
6119 564
3998 5702
5309 2079
862 7488
8210 3515
3120 1509
7593 6863
3667 4772
3820 6364
3451 6191
59 4069
3344 1130
4620 2787
1099 3628
6406 7513
350 4129
435 4352
1046 1411
2473 7300
9231 8122
7018 1405
1123 9902
5155 9073
396 4501
3105 2424
4959 8789
5688 1596
6408 2525
3767 7187
9 1101
6092 9487
105 3685
5684 2401
6104 875
8850 5688
9859 2615
168 7337
2182 3103
6608 8113
7275 1693
5071 1359
8044 2910
7491 2783
6015 289
3267 7666
646 8332
9529 6399
9306 8333
2196 7819
6481 4533
6899 7750
5406 6327
5033 4128
4284 8119
5160 5124
656 1659
5490 3512
9627 1660
114 5637
6393 6539
3737 7223
8972 3221
5747 2810
3090 7786
9490 1719
9475 5412
5128 1759
8353 21
2316 3376
6820 6920
1763 2731
7298 3965
7046 46
6691 1249
9737 8320
3502 7995
5395 7549
2144 2777
6996 6355
5519 4503
1169 4840
426 5440
577 9373
1548 3642
5476 8482
6017 2558
3065 96
4264 903
8714 5103
778 3329
5311 4532
6127 4268
5351 7869
1721 9891
2103 3646
3736 7794
10 4170
1373 409
9358 8055
2617 8831
8709 789
1994 4294
5578 8197
7855 5021
1039 7205
5623 5308
3580 915
9640 6349
4159 2626
8573 683
5956 5315
947 5992
