 4008   7944
 1970   8451
 8679   9827
 2638   3643
 2228   5384
 3180   1464
 8188   1067
 2753   2647
 7797   9039
 1847   1862
 9059    341
 3177   5037
 7566   3817
 4682   9073
 6147   7252
 1859   6323
 5241   5041
 6091   1941
 1945    451
 4829   9580
 4640   5529
 7477   8076
 4234   7026
 1080   8848
  705   9649
 9366   6204
 1263   4060
 6915   2124
 6498   1137
 5247   7450
  156   9538
 4968   4110
 7617   6412
 4505   7303
 5250   6160
 5374   9140
 8506    824
 7313   7515
 4504   4948
  918   3996
 3419   3511
 4628   2589
 8022   6363
 4070   1017
 7035   1631
 5549   6123
 3623   8057
 7331   2768
  408    675
  662   2943
 1942   3348
 7042   3561
 3737   3457
 6118   5243
 4122   5222
 8732   8562
 9120   8142
 4849   8025
 3636   8503
 9655   9455
 4108   3428
 4972   3344
 1363   9617
 7804   2443
 8118   3902
 4046   7513
 7057    493
 6390   5578
 6515   9444
 7395   4491
 8272   1836
 1389   6116
 6641   6037
 8335    385
 3924   7663
 3181   6780
 7256   2134
 4653   9934
 7326   6616
 2734   1015
  910    834
 7844   3791
  873    919
 3136    849
 3728   3894
 3224   4231
 9817   2167
  905   2439
 4495   8838
 7273   9128
  636   4671
  516   1097
 4749   2584
 7054   9021
 8462   6550
 4904   2394
 3952   5964
 9121   8474
 5248   7433
 4355   6086
  397   2080
 8360   3186
  560   1152
 4601   6687
 7941   3178
 7431   8897
 6964   3473
 3776   1068
 5632   1924
   70   7531
 5083   2945
 4488   5648
 9446     67
 8683   2407
 8475   4553
 1289   7234
 9825   1741
 8403   4667
 7185   4823
 5960   8355
 8607   5624
 1505   8263
 8925   4856
 3651   2952
  979   4430
 9226   8909
 4699   8294
 7852    753
  331   5798
  661   6148
 2494   1095
 2390   6106
 2259   4055
 7543   8300
 4486     38
 7137   9109
 6907   7506
 8903   3535
 8288   7292
 9479   4631
 4142   4830
 9722   5647
 6812   2709
 1176   9420
 8213   9314
 1881   5601
 6528   7933
  101   3659
 7312   7397
 1233   5501
 2240   1272
 5144   9704
 5308   5922
 9349   1426
 3733   9041
 6292   2004
 4333   8716
 8765   3745
 5324   7424
 8596    555
 9260   6319
 6710   6043
 3399   8666
 1641   2482
 9960   9727
 7498   2877
 6716   1207
 9405   9896
 1592   6380
 5821   2029
 8790   2716
 8684   8608
 1589   5959
 4932   7666
 5265   9803
 1071   7213
 3741   2347
 5852   1161
 6151   2354
 9326   3197
 8099    550
 5512   3875
 8932   4446
 4944    929
 2072   8489
 3158   8052
 5214    209
 1046   2865
 9030   4990
 6552   7355
 9122   3368
 4567   9844
 3409   7700
 6348   9909
  551   2208
 1784     86
 1551   7071
 7813   9011
 9204   2299
 5745   9621