1 10
100 200
201 210
900 1000
971654 751933
586238 264999
558580 169746
838505 102862
54069 87912
179254 29036
607383 110100
773879 538679
129279 210452
818499 685128
186752 328368
314752 411456
120372 888730
366751 328753
102046 418827
228731 201536
856905 430815
130225 982400
320354 111368
545187 296796
65589 560958

669333 75368
272078 115435
515054 670576
498115 248844
975057 364641
484164 745412
704521 25905
934206 300475
355857 924883
798080 708448
966685 110843
452491 443926
531211 425052
283449 347810
406603 677592
484932 123199

349853 842242
858632 696565
675200 673502
959822 582887
737678 601573
20971 424264
897544 681046
621327 49584
3197 522407
134367 816261
452329 833034
608723 708051
385380 240207
323310 803812
829667 812432
756212 333412
436476 357433
887336 952249
974774 609036
233367 212424
715947 597055
460500 814544
506363 640521
387653 449263
761301 161800


553820 349309
603318 760953
360390 147843
353650 433319
114938 720583
680111 665560
871951 396840
14878 210024
113901 126838
206193 186524
97201 747736
581970 845652
315535 382209
850810 758036
822067 204737
698502 804713
583158 51592
900437 322775
767434 340539
801904 838029
255825 220630
438796 566983
645280 113748
558276 454087
355512 660293
546092 974526


895943 909818
340418 980020
469821 766235
487347 413719
983940 995669
523174 755724
512271 595073
578680 626312
592367 360411
52166 960683
629439 276594

898421 25388
523572 370285
846589 791965
819995 957005
422323 780113
658559 568034
259996 223695
821927 217873
754257 46720
202834 791870
978748 295096
22945 725833
111126 425193
485101 234247
726196 928662
72669 228197
988057 121291
124579 702213

185090 578484
654730 631581
842740 383080
916676 869170
321952 252463
493450 943226
697214 863457
335102 341559
266459 925394
361365 196813
23507 549009
912941 789359
380714 214125

51570 19275
583030 974155
346842 413169
10830 530034
91948 14813
28270 762743
496429 586891
824185 608084
229571 186590
189229 324027
135494 715362
335595 136872
312058 199685
416143 7837
578034 392410
531807 759032
273272 953574
917102 915350
866886 331484
621061 167570
