1 1
1 10
100 200
201 210
900 1000
70663 8930
24029 48911
46997 139875
3755 52691
42367 122267
35620 54647
29281 79790
1106 24122
44665 101403
4389 69895
28665 65282
34788 48970
6428 74119
34684 113389
2417 58321
33640 96326
18342 71365
40748 87864
45826 79818
23322 44116
43739 51019
47152 67747
24833 97097
10982 11343
24993 73522
41795 111792
49601 111927
26531 77034
777 10968
25143 96384
44359 101861
28989 82768
47254 90119
7233 98531
32431 104456
9584 43108
16237 113114
13231 73701
45190 143828
31020 57842
35590 92642
32974 37449
43998 142214
34192 67298
29949 109750
24010 110160
2830 50445
4181 67009
27513 70751
33687 42387
29512 91245
7849 69882
19049 52113
14831 84658
29051 115401
33217 132436
19144 101451
16179 47810
22245 42683
47919 80836
7586 104682
12578 29301
47350 66286
26808 121620
1446 13705
11953 40347
30340 46888
36104 81791
11734 55043
1761 68336
45707 88683
9862 48964
24083 25849
48985 61742
669 86233
7597 81651
20135 105203
35695 133950
20340 119992
25174 68071
44927 108337
45917 124201
39104 132763
21966 60600
371 72091
48755 102887
38771 75321
15104 61279
36121 114566
28557 125984
20594 104229
2158 76676
48103 93419
24377 42013
34640 115187
35951 49225
41628 80596
42921 82128
39528 41883
38946 99942
12843 51655
18576 58477
45616 142081
40543 134978
15251 103462
25462 94665
23865 74403
40794 110341
27590 44344
31277 50337
44456 82126
7927 8773
24588 99080
32571 33032
20702 89879
10515 19311
8024 59297
20540 116893
12823 14835
48245 122228
3915 90586
36587 98922
17216 37981
16987 105487
35951 110431
290 31747
6973 37987
45665 51564
25290 42391
24646 83971
41571 56406
8635 34448
31686 73870
46114 48009
39391 64333
26359 42808
14094 29011
23220 104263
30717 75020
13754 57369
18778 27481
10556 100667
20959 119806
7032 103567
23604 78607
16173 115921
47471 105950
44458 54994
528 7341
23965 26168
