1 10
100 200
201 210
900 1000
1 1000
1001 2000
2001 3000
3001 4000
4001 5000
5001 6000
6001 7000
7001 8000
8001 9000
9001 10000
10001 20000
20001 30000
30001 40000
40001 50000
50001 60000
60001 70000
70001 80000
80001 90000
900001 100000 
100001 200000
200001 300000
300001 400000
400001 500000
500001 600000
600001 700000
700001 800000
800001 900000
900001 999999
1 1
999999 999999
1 999999
1 1000
2500 5000
9001 999999
8 88
356 596 
5000 1
4999 4998
1 500
500 1500
1501 2500
2501 3500
3501 4500
4501 5500
5501 6500
6501 7500
7501 8500
8501 9500
9501 15000
15001 25000
25001 35000
35001 45000
45001 55000
55001 65000
65001 75000
75001 85000
85001 95000
950001 150000 
150001 250000
250001 350000
350001 450000
450001 550000
550001 650000
650001 750000
750001 850000
850001 950000
950001 1500000
264914 854830
563711 281932
166055 72829 
782101 791357 
788644 654735 
310192 558211 
418749 555430
949812 870092
123639 484511
136877 138308
368159 663340
816729 763972
30674 873809
916015 710202
718036 498200
670089 140312
291200 942728
492960 198365
769192 556433
113184 5198
128383 36592
53827 892545
606176 917544
14517 412803
983883 657304
687926 848643
195011 528937
47506 244481
689754 659513
702470 823515
900569 127503
22491 23611
413022 479675
164471 167572
232346 203472
716061 122587
649340 654021
922706 742103
454732 566372
874959 552429
430294 851762
418309 396548
852281 451379
358952 273615
683799 340988
153886 182882
840664 787290
522804 441986
415254 580695
475709 750440
492525 929397
317708 596755
457271 278636
327340 544840
445058 347877
283244 618757
876529 495016
910439 426315
238407 319471
878621 614356
496077 963847
639021 256185
117437 469816
185 4679 
2451 4437
7033 7337
2887 5286
516 7213
5623 5196
9895 6343
8881 1739
3686 6869
8181 1170
38598 34943
46866 11162
41501 24321
27759 51833
48710 24159
3222 21007
35317 12419
39343 38890
17732 50141
49219 30980
44086 58513
44755 87312
4090 82679
7607 89554
89562 98271
67900 87295
634 43949
82069 60723
59812 6314
74292 38474
8951 559698
1132 75427
3683 57491
35483 18615
41018 39331
48704 27900
42659 31589
91106 13908
40049 38397
16029 17731
34792 81333
80893 165
21274 21965
62154 29320
50622 90094
78633 82576
28937 97060
11041 22642
71758 79162
79092 80669
40587 71820
75440 57702
32718 46801
67383 41799
53541 77598
12855 71025
61078 69117
64340 67816
40201 78899
34610 31725 
53367 72671
76414 11016
37443 94883
77106 35949
55219 65787
5 1 