1 10
100 200
201 210
900 1000
1 10000
10001 20000
20001 30000
30001 40000
40001 50000
50001 60000
60001 70000
70001 80000
80001 90000
90001 100000
100001 110000
110001 120000
120001 130000
130001 140000
140001 150000
150001 160000
160001 170000
170001 180000
180001 190000
190001 200000
200001 210000
210001 220000
220001 230000
230001 240000
240001 250000
250001 260000
260001 270000
270001 280000
280001 290000
290001 300000
300001 310000
310001 320000
320001 330000
330001 340000
340001 350000
350001 360000
360001 370000
370001 380000
380001 390000
390001 400000
400001 410000
410001 420000
420001 430000
430001 440000
440001 450000
450001 460000
460001 470000
470001 480000
480001 490000
490001 500000
500001 510000
510001 520000
520001 530000
530001 540000
540001 550000
550001 560000
560001 570000
570001 580000
580001 590000
590001 600000
600001 610000
610001 620000
620001 630000
630001 640000
640001 650000
650001 660000
660001 670000
670001 680000
680001 690000
690001 700000
700001 710000
710001 720000
720001 730000
730001 740000
740001 750000
750001 760000
760001 770000
770001 780000
780001 790000
790001 800000
800001 810000
810001 820000
820001 830000
830001 840000
840001 850000
850001 860000
860001 870000
870001 880000
880001 890000
890001 900000
900001 910000
910001 920000
920001 930000
930001 940000
940001 950000
950001 960000
960001 970000
970001 980000
980001 990000
990001 999999
