229975 804628
382749 520939
996736 998722
363888 758328
942485 964820
539146 930582
450602 811732
496794 757932
197296 979557
827990 838421
201686 694665
535682 564135
487399 582170
334046 919268
111834 844474
978753 995660
759257 830852
95033 709952
831514 938139
203685 836070
667916 894853
360809 413545
832252 999876
887388 913289
836317 866166
726643 959428
136880 386749
247045 992926
843108 988078
700612 959965
149683 219106
541079 929160
817391 827950
668058 983174
90679 504695
904853 912904
795006 808106
512645 825499
793417 797585
523451 623833
269224 806808
937589 961288
862068 937580
706394 808714
276109 650610
374045 713965
62306 644836
934480 969939
371706 868451
59019 511540
67512 187248
650405 672975
94986 176838
377088 923329
644873 859855
311187 991605
690022 740174
871161 918751
523510 746665
809278 873920
49017 175369
64455 695138
21590 926602
392716 705358
244531 989243
457141 800783
788707 887322
114068 389252
672066 705279
354415 976730
522022 775342
582418 632549
895971 934880
74765 168568
677695 844867
290118 851261
53464 201903
820445 904330
340925 457610
680343 717678
440738 783725
730491 990313
481125 786988
423285 883854
653569 925670
304009 847792
367285 822372
248698 358639
473022 635001
689018 849041
610561 919958
585709 850561
153958 428465
567333 729575
847526 979751
492607 615917
763757 996708
920082 932798
25930 188329
204178 329022
303360 867069
943785 966943
917454 940460
686346 735346
496162 933914
282458 453601
745205 810171
992846 994497
608051 900640
268836 399611
355577 942758
862147 891571
363198 399316
67411 758921
602109 639599
461575 978117
579976 794815
84198 254327
85654 235684
96620 679518
512927 910713
280588 731475
538971 769709
819185 958192
867271 991193
216679 227248
382416 568493
110863 853281
945446 990486
41087 627889
83555 256475
767797 806525
851420 916208
367718 814525
578252 670658
668137 708477
640400 894693
722622 921743
777450 813617
374744 751149
9044 760202
254152 543231
776086 976569
769418 849046
703563 860425
895155 991868
671546 920639
358607 842551
645798 753169
489332 569059
911202 981082
397918 759820
131761 668216
538189 616236
801805 909154
471789 950349
406572 731631
726838 921187
185747 314644
621277 890357
387647 532361
133970 890524
874644 915040
983389 986384
280268 774313
877219 899259
41968 871517
275282 923540
152515 904026
122516 777189
187065 403617
330942 793843
680219 737759
591601 735589
889857 945949
130664 833143
692234 773776
600279 652126
685722 795667
965121 980719
689718 894382
274764 585954
941976 948048
550184 605089
837116 992296
232517 616969
181368 234938
367535 756829
266550 357088
116766 374670
517237 999144
868929 972334
362245 581158
192893 291146
395929 804104
505704 516703
188709 387163
215448 435810
763014 910480
327945 660160

