1 1
1 1000000
2500 1234
555000 500000
999999 1000000
1000000 1000000
171854 640984
190218 956431
132831 83728
360904 134901
264464 722240
256423 521481
857886 434684
807912 746411
900296 568650
399524 314845
481020 434571
516019 212716
359972 294321
85826 734510
728816 64010
606390 643658
788489 973525
983277 982407
18566 712548
682367 592138
299702 205612
182726 400786
640144 793598
292832 13490
862093 502255
801401 830602
102677 524214
431059 92102
673788 47306
440346 705194
400262 285728
105837 860151
233915 309924
593545 903837
422785 716523
590452 909704
522435 316833
506728 301511
664482 10065
529841 535224
657464 413385
856575 681436
174004 456043
347804 281590
739018 864182
730963 234857
296052 113705
203217 106961
452130 774372
720919 583556
170066 152358
445981 312270
124528 95696
748445 591143
858063 271131
217951 682400
947717 99860
442072 184454
756384 612150
452833 197860
98719 523417
7977 747595
632745 879056
856355 207628
23556 136952
579073 784368
415309 42871
465303 204680
708735 87379
591714 956272
703557 565105
929366 891612
417879 939304
314877 717191
963825 461580
982183 158191
268465 627219
491801 136136
968653 540862
627653 675341
112506 898355
511829 162542
198383 329492
356424 817009
245051 105287
583483 439273
590045 459070
111157 180099
17513 242272
282507 288035
637680 104034
327004 30974
790495 725213
234875 550677
896690 693800
269641 69706
800631 509582
17249 815992
712219 238218
328693 105439