97 64
13 29
45 68
85 24
54 96
29 52
37 30
61 65
51 36
90 4
46 34
83 2
88 16
85 75
93 10
13 59
20 36
59 7
77 65
12 14
2 77
92 24
35 82
78 28
37 84
57 79
12 26
30 26
13 29
15 82
8116 853
8663 1648
3037 9100
6813 9795
6413 6267
2106 940
7347 5066
873 2528
4286 4272
3959 8861
4042 1495
539 286
196 7028
6471 2387
8653 1131
6740 9558
2150 37
696 3761
3791 8400
9903 8832
5490 9665
7287 7965
2575 6347
1437 7227
3593 4182
6327 2200
3857 6389
9876 1201
1804 8217
7237 2474
98245 73540
4922 24178
54449 67084
46421 24646
64337 11060
74231 46752
37012 18638
79023 45938
47325 36686
65063 57419
20425 92871
53625 41264
22430 34445
37591 17354
91677 88019
23278 10143
87341 53040
18737 58512
18213 74758
54879 30793
2091 84912
28441 75292
64179 98143
40039 18949
95131 27003
47927 47553
12238 88782
79369 64896
86744 35916
87728 46543
934680 217607
109828 928418
732514 583834
675762 837073
317884 167728
187240 380375
275106 199541
465424 820035
945711 385186
448944 651038
745124 416350
276248 192327
557203 506298
911666 205952
894361 91838
411515 264128
924024 224332
640133 988389
19061 912678
320553 465027
181417 752257
49604 311796
503817 389963
935389 223833
512719 318984
294421 296454
80941 248417
147972 722297
125283 465597
13664 195325