450052 502025
551995 317427
933738 148664
388357 261856
774475 901086
890235 161984
525328 197035
814517 312400
675871 206037
120522 844690
629959 411819
486785 945585
302786 776898
698349 113524
282875 837701
120413 170884
300505 653134
79501 475564
436070 740939
462376 298138
188068 42009
729841 495457
128752 536059
461411 668966
900891 952775
917162 690397
147949 62914
940255 468765
432700 124621
181211 191682
238866 970559
918712 724863
400328 340939
17395 855085
980487 166167
443021 468306
59005 887723
916106 665417
881596 424582
288838 32919
840940 120339
343989 29708
308605 70647
642198 927586
49803 353981
539816 628547
839525 238766
911790 301031
104193 164880
538304 576148
597543 127547
165842 510866
90160 284296
640380 278650
146822 167023
246042 133235
961384 108096
115166 693598
290172 693114
934790 391136
109465 118343
780571 205406
381883 260727
302443 612225
71358 764080
834345 823558
964300 142188
939019 414222
793400 801209
291034 540954
731341 854311
37944 884501
870502 139479
542218 236034
429674 578771
276009 389853
889976 974298
243596 86377
168698 170169
324640 933881
895627 973821
277870 393466
936014 134051
908908 254173
975538 947396
958320 215698
408581 551455
