604 8
15 909
24 1216
35 1525
48 1836
63 2149
80 2464
99 2781
120 3100
143 3421
168 3744
195 4069
224 4396
255 4725
288 5056
323 5389
360 5724
399 6061
440 6400
483 6741
528 7084
575 7429
624 7776
675 8125
728 8476
783 8829
840 9184
899 9541
960 9900
1023 10261
1088 10624
1155 10989
1224 11356
1295 11725
1368 12096
1443 12469
1520 12844
1599 13221
1680 13600
1763 13981
1848 14364
1935 14749
2024 15136
2115 15525
2208 15916
2303 16309
2400 16704
2499 17101
2600 17500
2703 17901
2808 18304
2915 18709
3024 19116
3135 19525
3248 19936
3363 20349
3480 20764
3599 21181
3720 21600
3843 22021
3968 22444
4095 22869
4224 23296
4355 23725
4488 24156
4623 24589
4760 25024
4899 25461
5040 25900
5183 26341
5328 26784
5475 27229
5624 27676
5775 28125
5928 28576
6083 29029
6240 29484
6399 29941
6560 30400
6723 30861
6888 31324
7055 31789
7224 32256
7395 32725
7568 33196
7743 33669
7920 34144
8099 34621
8280 35100
8463 35581
8648 36064
8835 36549
9024 37036
9215 37525
9408 38016
9603 38509
9800 39004
9999 39501
10200 40000
10403 40501
10608 41004
10815 41509
11024 42016
11235 42525
11448 43036
11663 43549
11880 44064
12099 44581
12320 45100
12543 45621
12768 46144
12995 46669
13224 47196
13455 47725
13688 48256
13923 48789
14160 49324
14399 49861
14640 50400
14883 50941
15128 51484
15375 52029
15624 52576
15875 53125
16128 53676
16383 54229
16640 54784
16899 55341
17160 55900
17423 56461
17688 57024
17955 57589
18224 58156
18495 58725
18768 59296
19043 59869
19320 60444
19599 61021
19880 61600
20163 62181
20448 62764
20735 63349
21024 63936
21315 64525
21608 65116
21903 65709
22200 66304
22499 66901
22800 67500
23103 68101
23408 68704
23715 69309
24024 69916
24335 70525
24648 71136
24963 71749
25280 72364
25599 72981
25920 73600
26243 74221
26568 74844
26895 75469
27224 76096
27555 76725
27888 77356
28223 77989
28560 78624
28899 79261
29240 79900
29583 80541
29928 81184
30275 81829
30624 82476
30975 83125
31328 83776
31683 84429
32040 85084
32399 85741
32760 86400
33123 87061
33488 87724
33855 88389
34224 89056
34595 89725
34968 90396
35343 91069
35720 91744
36099 92421
36480 93100
36863 93781
37248 94464
37635 95149
38024 95836
38415 96525
38808 97216
39203 97909
39600 98604
39999 99301
40400 1000000
