1 10
100 200
201 210
900 1000
15154 154
5351 8974
21 45
4865 2547
788 459
8956 4115
78965 58965
4845 45856
878 4587
452 654
7 9
659 4785
222 333
4856 5874
4865 2587
989 787
125 456
58 57
789 987
4645 2314
8947 1864
2347 7847
3254 8941
4531 8794
847 534
84 653
4165 9874
651 654
479 453
651 653
849 753
8619 5237
8194 4755
1645 864
5231 8635
1665 7523
6451 7524
869 653
6451 7534
8495 5234
4525 6512
4523 1645
53 867
651 4753
8641 4752
651 453
6897 6456
853 521
8539 8414
8639 4514
4724 8647
4523 8674
8639 4853
42 849
853 4864
865 65
523 365
879 653
853 456
5594 1656
335 456
519 213
534 651
8675 6515
6475 8676
645 465
2669 8945
5356 6516
675 879
98 52
545 897
456 98
6453 8794
452 864 
645 455
6521 8635
453 849
534 847
53 87
65 87
639 654
456 878
456 567
6547 6485
234 645
537 865
35 84
645 87
6516 846
564 155
6854 8799
645 653
45 865
865 4686
645 86759
4523 8479
5234 864586
65645 54668
86976 64513
65344 65344