1 10
100 200
201 210
900 1000
5213 7897
1072 3092
476 6833
5712 9233
679 9976
3361 5219
641 3671
6993 9580
114 5179
8749 9617
2374 7801
943 7128
45 3143
5537 5838
2765 4450
6083 7467
1202 4205
519 7456
183 1202
4891 6680
2267 7206
3736 3993
984 2939
3578 4580
2088 7600
589 2647
3659 5129
367 6708
885 8153
5970 8838
4254 5257
1352 8491
3330 6749
2955 7145
1869 7086
4045 7193
612 8899
3790 8306
103 5004
2213 6471
2034 2519
675 5381
544 4281
547 6891
5987 8251
2519 8481
2042 2104
4744 6036
2435 3848
9056 9220
2012 8217
1090 1600
7897 9632
7427 8264
4875 7318
7778 9393
503 4991
5670 6396
1285 1351
1185 6291
928 3065
147 3580
2196 6622
4173 8369
813 3922
5860 9126
2940 3185
3173 5852
4117 4921
6 5512
1584 4299
2996 3370
336 5181
1995 6644
689 4410
6250 8705
2608 3680
1783 5499
1633 2525
6427 6622
1419 9711
8546 9054
190 8864
3271 5219
2616 2977
6980 8432
7718 9610
2543 4690
3201 4653
3260 9818
6982 7737
103 8315
7493 7803
257 4149
5647 9811
2499 4069
3149 5870
5996 8964
4286 8743
8210 8482
242 3036
3320 5118
1944 6000
2031 9902
6962 9563
6353 8864
3284 4070
3780 6211
4434 9813
1361 3589
2836 7978
2905 4377
5741 8302
6174 9707
3639 7646
1810 7844
2514 8295
2286 8166
5460 6060
2590 7447
4570 6460
200 5510
888 986
1163 8942
7855 7866
106 3249
1469 2923
1957 9003
907 8134
4668 5738
3435 9958
3217 8221
2990 4448
6156 9446
2361 7214
2840 8886
1193 9275
1523 4397
7391 9010
1053 1988
5267 7152
7654 9067
2013 5981
8506 9075
3505 4867
4404 9485
6382 6695
3175 6676
2980 5884
