1 10
100 200
201 210
900 1000
243876 243876
9 9
10 1
15345 839900
830002 859900
844020 246119
628450 902257
315590 260954
9284 657505
890938 252719
975692 23937
667449 789884
863810 175500
262114 669966
707705 742203
148204 117314
464038 230024
915264 26906
983538 342603
944520 736370
27726 588751
7978 643277
934458 106071
550509 710268
580765 636782
236690 360973
35468 246332
840648 742851
73207 820632
229037 665035
581286 207133
418827 254209
932822 610439
413783 97734
471624 878618
739683 470419
819460 636804
191288 673510
296333 370369
180461 302580
34389 678405
825674 984955
969812 752477
421526 458444
794045 460419
90478 374951
217536 415622
808898 566331
474550 52044
194745 263676
587296 812295
849903 752518
696646 964011
799910 609984
552958 155176
881763 86077
111410 926475
603370 889992
979809 952845
835631 330507
629912 286710
12175 616363
733178 113400
978425 921346
673570 711395
407048 409112
715430 609803
1632 933353
48342 962183
745763 119456
325048 267025
423434 326235
710875 304189
736863 395639
651426 284045
947494 915927
276414 590212
695704 778010
614020 586486
437133 280347
202379 552181
297877 232963
614529 476176
447349 260840
642402 368554
991582 577801
483758 644035
858300 59841
538199 733217
242650 289630
950394 113370
373952 390501
696248 799784
774170 111768
699677 328397
201362 754711
736660 505944
758673 830114
640529 734331
435562 757940
908330 976378
4357 54815
237734 704239
27607 320885
902291 996154
703816 890865
732734 192304
7834 931566
623339 426249
745546 636115
840992 549764
345524 679475
602508 908985
448781 92556
161542 719954
256709 754272
593491 73252
256515 656809
472307 535982
551447 937618
434800 830879
353859 659679
623600 469182
780105 134940
145572 529338
859169 189826
767225 605846
163197 983275
91723 735536
961410 707589
258971 99918
689730 305593
455847 918028
649741 994349
392326 310724
911682 14801
442169 43672
302792 267286
931307 350637
401426 493854
617005 884027
18862 541135
109504 931575
252802 546523
10005 230607
4632 26695
284129 213744
515772 507314
236936 111051
509232 48903
443741 79238
100364 352065
186454 825126
239714 416099
53978 670609
694500 590517
196188 858074
948345 621036
897767 52203
19337 103782
360060 862941
590028 401634
53335 183986
389113 435219
868077 98620
231651 994913
977707 69652
617375 443078
749649 71144
233581 660634
313968 991687
69055 834988
596447 62933
444982 956121
724347 254960
495492 42747
543925 880233
613346 423885
322151 547203
754266 582107
193614 887940
574884 357453
311782 532188
933846 197720
891993 999928
1 999999
999999 1
1 1
999999 999999