1 10
100 200
201 210
900 1000
8582 10476
36785 38969
400 560
798 856
300 1598
39999 46798
10001 10700
10688 11000
30 90
10 888
95444 100289
567000 567123
100 600
900 1567
8992 10023
89259 192358
12857 14529
999 1099
56 99
812347 812399
1239 1290
88092 88967
1235 1289
500 1000
20000 30000
400000 400500
5678 6789
1 500
9345 9687
60000 65000
1000 8000
100000 100089
6665 7983
58267 67458
385 697
129 986
4983 6783
38950 39599
40000 50000
5678 8967
487 999
60000 98769
12295 15555
586034 587896
892 2399
6574 8839
36 960
7894 9990
1009 8598
46329 50893
69844 69999
313 913
415 1043
550 560
3000 7234
11 38
4565 5869
99968 100000
27487 47889
28359 34586
100 1000
1567 1599
786 888
6000 10000
55000 65000
100000 11000
123456 134567
8765 8885
95734 100934
408 501
676 747
33 1033
69 420
1011 1896
27 42
39 512
800 900
900 1000
66 666
420 699
5849 5982
108849 108954
128333 129888
18958 19782
29034 32995
5555 6666
7777 8888
1 8
4 28
61211 67033
4085 5089
660 670
399 1099
33012 35600
49865 51023
1 12