1 10
100 200
201 210
900 1000
900 100
3 10
1 10
2 10
5 10
6330	770197
432642	513572
853931	387084
225628	852398
616103	66041
665235	784271
658563	619377
673434	26160
546143	427702
217927	721409
305274	998250
136462	492795
281725	357308
738158	704311
359380	321744
805444	529901
832978	338818
77069	128912
917911	411295
681727	897828
956245	958112
313990	538859
999480	407981
51605	267543
693855	159788
503670	147672
761045	59778
394707	267007
904716	321877
383181	341748
808232	224498
21295	264479
670661	769877
37751	883943
356373	565906
987195	773132
788696	980741
149832	402690
805416	949343
109928	231649
25203	227736
570101	546028
979356	351501
612418	383081
764532	162319
184616	151142
682753	688753
952407	274535
365748	451571
31174	578894
404796	49650
142912	289143
791470	134019
250393	422889
786853	229583
809133	5613
361874	200133
818282	318252
369543	925068
260079	250251
298984	499236
841354	924298
547647	191508
248147	118334
363701	873215
644841	521988
842524	113046
369176	477493
324224	949057
48113	71820
503796	224998
876053	493292
330812	547875
131337	783589
335047	954454
833997	332096
359142	173539
212854	331803
747892	802636
76897	679779
86747	547278
393896	657899
57401	912692
572920	9993
241020	736051
18045	542163
802038	59639
753223	112217
557687	410978
450487	217411
583590	345706
28040	346515
881474	619171
927628	239671
166967	770656
409928	367725
161619	179564
617861	543557
900447	291065
125127	304251
260150	993061
441582	410089
325359	269179
85226	461685
779626	330761
16797	691931
498714	102805
753890	569653
711178	470836
628558	278080
907976	831013
894573	635800
414132	867124
648005	214247
961443	548569
82301	542927
563510	857163
51499	332112
262888	899199
26313	778495
831957	998667
159411	418655
565188	424427
399993	955681
981367	653240
517379	498133
963467	352923
343138	404241
539802	815178
100795	54556
578335	247353
262567	495276
535361	781193
845453	631214
423759	403058
961778	523646
480506	896121
447636	701052
82771	591833
