948400	718998
907264	537349
120481	777441
885243	945217
856744	955587
715652	930031
204216	782951
293128	328326
895960	887001
537118	814343
92127	921902
319966	98021
148825	841931
529955	243916
638103	780849
587804	785340
58370	112767
835045	68374
159128	122
802603	731194
884933	698167
562327	673698
970829	508291
400901	690548
529202	178617
892029	889931
1639	743459
479011	882132
699157	333940
533262	502191
269836	488292
814972	345935
353788	293810
557516	50445
536022	520862
604446	779654
57867	476580
354179	220921
966514	310836
483430	30969
590019	187426
830556	163582
273199	465808
646738	482073
990594	278966
804633	92739
373455	550840
757216	721878
295720	562951
833187	575350
413909	126412
916028	848011
825719	252917
746838	740123
252874	795255
521227	700662
438275	746774
274271	236755
642331	397249
188139	696465
632445	33776
270490	959376
631219	920600
362266	238809
791017	507585
833781	314113
698499	669635
197407	335379
714759	293670
606046	121455
123298	314571
177657	798277
173260	997635
805306	821559
33417	581795
793572	118728
520095	616424
920510	965081
532834	535001
532469	864061
858114	803224
246380	962134
92406	999768
829004	815979
251736	287798
257012	357081
903888	352376
473487	890411
68614	25129
178439	372794
871925	782428
682905	535356
41320	374168
590320	208496
653794	774812
136649	225385
437237	767840
121946	784104
246167	8285
910211	721120
786277	559915
514467	130135
344886	579954
29938	747577
361511	626689
554271	332945
948491	264203
280401	670563
191316	685827
631939	304093
957210	108632
728349	328847
82513	142154
908450	736350
195481	189853
17714	85107
710569	305964
854000	473457
563732	651088
527220	212073
151154	3869
611838	293082
832130	709676
29763	748406
43045	85276
504058	990334
934913	298297
729952	512737
650225	23179
905208	921600
938362	958272
893924	7295
33665	382137
145735	699549
366217	53278
778086	866772
273219	378386
492911	448954
813973	846662
363571	168424
76002	991269
970541	701262
250672	220314
650730	285221
268674	593642
449441	898370
755282	155534
8797	943255