1	1000
552	554
222	485
35	368
199	647
677	70
51	633
157	249
228	559
371	291
677	242
268	539
191	519
294	468
559	445
493	224
393	660
694	498
244	413
373	167
548	669
42	456
355	693
268	64
620	361
357	35
526	102
132	136
3	490
442	615
231	462
367	43
645	338
324	46
580	72
523	227
334	688
535	526
16	327
178	650
260	663
308	444
82	447
228	368
146	207
337	699
569	190
188	242
523	523
551	209
576	522
553	20
453	597
286	285
509	107
589	95
160	679
62	633
235	328
253	248
16	692
101	696
642	239
447	428
78	598
38	664
686	124
180	423
386	136
215	105
326	307
571	325
269	409
250	94
359	244
624	401
5	201
538	156
135	280
659	513
643	331
614	433
591	262
85	145
98	177
386	53
651	545
139	253
534	44
617	346
361	616
33	618
339	142
630	64
569	531
281	586
40	411
438	666
280	52
601	20
