1 10
100 200
201 210
900 1000
322616	532571
121320	504753
550132	13745
502158	789560
623631	485214
130542	175177
341884	597919
654961	708705
424526	576868
454330	791537
112115	913288
971101	690143
948470	106173
48806	611907
665746	926507
865150	458122
479318	642179
595306	155090
665518	712587
233679	305329
318049	750943
662257	286072
232675	370648
939590	66108
700868	477978
79603	985250
955341	677242
420631	919088
688127	647416
362095	890574
256159	82279
239622	333967
769648	762227
972516	492406
909574	973843
622705	159244
690767	115604
853337	67075
51438	928016
520492	573650
499862	617149
875170	169713
924049	922605
228287	305593
403914	347804
616107	671350
568004	519493
771452	934190
781994	397793
958064	494844
263711	762692
318931	316340
968978	324410
536848	685978
288185	286455
412725	455984
843869	395524
560712	493867
21411	936875
646072	469409
974755	118088
786155	419108
451607	748959
330654	517399
328777	854951
23638	687033
65413	675915
966112	205840
170812	533509
762824	327338
611261	841818
720091	952007
444604	350287
888649	435476
981186	205883
356652	409420
115109	363791
149508	90036
840201	720696
484376	591496
452299	723495
146845	715672
300343	365494
186501	196685
609771	616603
66727	951245
641231	475631
118296	774026
978086	807429
548483	678986
794810	530136
356980	761539
245393	712325
475560	269189
427818	490652
157553	438531
827495	267581
759127	203534
694213	343852
10293	868213