1 10
100 200
201 210
900 1000
5 45
50 100
2000 1000
500 205
98 165
100 900
550 30
2 15
12 12
1 1
190 189
30 45
12 45
100 120
4 6
123 543
32 53
20 408
34 23
543 764
239 490
5000 6000
2 3
90 349
8 32
243 23
2432 4930
59 376
29 949
394 390
990 299
3902 6000
100 320
5 6
239 2
2 695
234 900
27 903
38 32
23 30
32 44
76 90
52 35
527 1545
45 415
34 689
32 56
23 453
432 435
34 435
43 56
90 98
84 89
239 439
32 43
388 455
203 432
324 909
657 32
90 23
54 69
89 430
494 549
30 40
200 300
490 394
394 393
939 4392
58 88
48 545
453 4578
58 485
45 68
86 55
24 56
21 69
79 250
55 550
65 546
32 320
156 456
458 658
646 895
258 466
478 496
45 45
36 68
21 54
26 48
18 48
11 111
45 58
89 186
12 589
44 485
45 4564
11 59
44 668
368 259
214 636
123 321
147 741
258 852
369 963
123 321
456 654
789 987
478 874
589 985
325 523
256 652
23 32
58 85
69 96
47 74
14 41
89 30
39 92
43 89
2 1
99 2
23 49
45 65
23 46
29 49
39 30
43 45
55 49
293 940
394 283
4390 200
100 200
200 300
300 400
400 500
600 700
700 800
800 900
900 1000
900 100
150 950
250 850
350 750
450 650
550 550
1 390
1000 1
