10000 10000
438671 308274
505691 619529
545332 657466
850257 629707
69398 784221
202912 767002
272675 539877
235307 990771
596183 46497
610983 78084
8278 438557
252641 926193
532827 761792
244053 247957
342263 479938
280761 951099
232908 981162
760862 114574
932569 714365
249797 761447
124334 471256
620012 252568
470873 106122
4819 318793
146357 988056
564679 806523
900246 645386
166497 761205
635665 446555
352860 995535
166450 551245
849691 602470
453063 365493
314216 315196
779767 408463
533501 910180
362333 243986
719100 848745
235974 123482
351551 822970
641878 607521
630012 503726
199895 558135
223697 80874
984692 349814
933555 546573
860316 753555
436762 713167
917039 822124
964371 825376
627852 151935
453278 853590
918463 543450
907353 301911
985830 733559
603271 427776
930243 822098
201638 691363
635103 994168
839519 215168
929754 96200
948914 154204
418310 824070
641384 205959
802129 776369
733811 262854
6914 863151
389636 578563
721054 131859
638235 109481
997405 5473
251142 282514
886115 104397
31416 719917
824615 255219
98298 917406
129368 770731
834598 549912
822540 318449
697877 963516
655059 212647
669863 436184
497197 68455
666479 582878
583713 138251
372987 468628
448238 624390
612389 116333
728327 893802
510452 142037
637646 609209
225034 153526
584182 739325
695325 748343
935855 777604
321442 509675
153420 96737
879908 266051
625079 318439
590712 911250
552992 602296
875511 123340
754019 969131
198979 82293
343688 375564
510457 538122
292284 116412
734032 662682
262062 768307
823442 639617
70377 509973
9194 532636
201542 356212
414824 730143
495723 140276
782577 330502
909199 675173
171061 235145
191306 935719
893181 753583
247103 779031
510115 444925
448419 931036
989607 273218
220430 860144
718671 309114
155811 678904
114136 888227
754360 306451
282632 482822
120466 653781
67936 171234
768792 713358
870853 364368
100148 7926
292817 385046
87089 324164
987161 666760
431165 330125
160470 743422
241819 693544
957748 354517
22410 568925
512814 28678
150876 528899
641792 540751
182952 385407
909324 86367
679153 981815