636193 618032
933369 397527
758506 307713
694721 678527
67192 67192
807419 52900
146095 370691
557633 410975
193322 910686
176513 107716
122382 854970
503728 461405
776240 843089
436840 337386
179311 667296
900930 111646
99302 817277
964778 775611
841551 619076
854384 426460
130718 354915
817633 434114
916977 605581
326799 620610
344823 939547
810342 445769
762634 122069
920162 640070
505873 470530
242648 352408
942060 355627
134683 903872
316191 710822
600763 925847
52691 393953
998662 815882
571777 956216
251042 922187
27886 663994
775589 458315
625099 557181
415651 833913
184704 469770
59035 192400
760839 875605
567110 320655
359694 761808
29547 115380
217854 962491
319252 937570
575209 117695
170185 374247
921757 612635
854296 164278
232002 922872
917366 951529
645111 291168
843889 818656
241165 676490
674828 369688
56765 186884
387159 80858
933269 519193
698173 465941
590703 115127
924849 734887
853246 393055
446631 557244
284599 269821
200307 499165
636814 394175
16466 369213
700085 114426
833141 384317
96746 438505
883071 495118
409887 137419
577780 88428
344964 499075
729704 993709
43159 588569
952714 267030
148607 411222
295516 306191
615735 388611
233306 848538
321456 214482
11020 737677
12865 759197
257212 802446
294124 886629
854794 580049
349922 933229
777592 354010
49456 315164
845563 456570
631790 910633
157714 126556
292817 85299
998548 40016
356487 355262
182835 184763
435318 434802
76073 77996
652627 651034
650133 650056
102271 103999
321625 323025
926922 928700
667320 667141
611426 613119
673454 672382
736034 734338
592491 593477
503614 501979
827636 828294
325797 326856
940125 941493
855639 856559
719867 718151
789004 787214
335110 336939
813576 813721
98628 99407
268018 269476
824550 825890
691541 692887
994544 993731
477770 478254
352465 351228
50454 48629
931617 932373
520382 521560
924767 924149
26714 27170
879837 879215
473647 474545
269771 269882
720277 721332
818397 819175
427026 428544
363087 363546
376095 376771
868211 868672
610640 610873
872170 870837
143757 141811
622547 621207
513060 512747
601960 602226
821441 820842
271988 271667
478199 477069
880013 880150
440381 439638
824889 824142
430600 430439
308375 309652
538513 536528
794733 795737
255404 255922
416282 414565
673132 672123
162823 164301
934985 933354
826408 825473
721687 723555
601907 603072
624859 624146
249936 250994
735806 734039
345497 346481
878274 877402
627183 626066
72101 70692
10589 10606
845115 845632
593186 593590
452536 450967
129625 129102
712431 711518
386227 387251
850611 849425
675901 674411
193788 191958
230523 229417
618845 617684
198442 197468
326014 324884
226929 228922
840487 840962
349420 350011
359770 359638
90384 91762
186460 184961
786528 787469
228562 227198
146587 148335
789823 791656
880138 880665
