1 10
100 200
201 210
900 1000
96872 138452
124857 378552
217330 382328

142848 577100
799867 54757
419026 766350
781690 994678
258857 630136
117308 102232
667351 934094
599154 225084
638101 699115
808571 340844
296392 410380
234529 934922
356665 647847
80597 469209
521104 258960
187358 49568
489898 53475
83532 982838
342271 354372
678876 170470
291835 123777
184170 230110
94803 305596
449315 314786
202911 65113
306503 95583
657816 498433
951990 485723
62889 72421
946488 454369
978480 667300
768073 711576
438746 520659
652499 74223
758245 469366
98199 424216
814036 26022
639640 688612
545775 55694
357056 451929
222497 228822
112837 38401
371857 908697
263962 343033
448260 228975
711108 422985
60756 6434
212849 17231
484078 113923
440933 107432

675925 848917
123182 742406
130261 450628
778112 269596
539267 465236
747981 978949
116506 155660
187639 260458
642825 288627
669618 545907
841177 647575
656788 898979
515122 486660
574176 176856
194960 358446
165309 560564
570166 290456
911581 760622
322843 362149
536375 595647
680486 885013
659374 641428
226615 30827
668757 603857
651115 850722
958411 470361
618375 634707
378920 950864
954736 73052
126505 259096
233156 416165
883251 753804
973555 447443
46424 220778
867625 368963
990360 777480
101333 692157
858947 351820
477900 698739
847005 711386
19690 353799
290200 542415
437452 581182
923559 640237
795138 202381
397605 599121
254341 939070
281908 962637
242045 489647
753048 909745

973992 833071
946842 898855
527041 825025
116435 880671
244365 544984
727618 195922
199141 179235
381212 181140
899189 884489
818442 127280
673368 502572
272133 748091
194692 432344
942887 18439
302564 729940
961885 379082
936242 756051
610297 795649
45503 175730
861346 234803
404811 25266
924002 314058
760512 561055
93518 68363
558471 767236
741406 365273
496953 960554
456328 859400
254065 360185
302735 407022
850808 804844
76907 932648
228961 331109
108445 955846
984178 995329
344603 544673
147904 868567
616832 340377
618595 325258
122938 859649
812359 768290
81524 724025
892092 902912
992724 159582
533087 308619
363872 346787
243958 406801
683376 6962
390726 509731
