1 10
100 200
201 210
900 1000
73  16  
98  23  
18  17  
68  93  
86  10  
99  98  
74  84  
45  50  
43  92  
24  42  
26  71  
60  33  
15  96  
58  67  
4  32  
22  3  
19  22  
64  80  
26  72  
29  35  
91  94  
92  54  
69  88  
39  14  
85  83  
6  99  
62  95  
5  70  
89  86  
63  96  
15  70  
66  62  
10  47  
96  32  
32  66  
173  28  
161  44  
23  64  
147  148  
31  7  
59  182  
128  110  
84  169  
6  13  
140  166  
129  163  
42  27  
65  76  
96  138  
38  31  
7  60  
124  150  
2  166  
176  193  
110  45  
23  189  
31  19  
32  122  
139  38  
67  115  
56  37  
84  46  
61  89  
61  11  
157  128  
191  5  
38  163  
3  37  
19  180  
95  79  
265  264  
47  270  
139  44  
273  116  
5  194  
105  82  
84  95  
203  127  
121  165  
211  49  
36  179  
268  124  
89  237  
195  290  
104  76  
277  195  
160  140  
135  120  
136  138  
221  223  
264  150  
227  15  
136  148  
201  105  
237  277  
164  294  
138  281  
187  128  
151  233  
184  49  
282  77  
250  18  
118  260  
32  130  
298  160  