1 10
100 200
201 210
900 1000
501 503
2 4
2 6
3 9
10 13
11 20
40 59
21 100
30 35
1 4
34 78
99 104
67 70
100 120
101 121
102 122
15 78
553 347
247 61
438 50
97 463
297 354
329 160
283 265
281 323
471 566
571 421
116 245
159 516
444 541
341 132
227 376
445 102
280 491
117 209
61 419
281 501
77 546
452 435
347 505
148 339
417 294
109 565
232 21
305 328
483 169
222 254
23 351
175 536
74 539
174 164
42 44
479 575
68 132
521 418
403 21
15 152
110 538
148 467
575 532
419 468
327 384
271 149
185 294
199 253
175 448
156 509
441 28
333 275
104 502
487 582
34 322
226 419
571 516
429 145
25 117
415 429
72 54
63 385
505 572
554 33
162 480
579 237
425 66
317 594
463 532
214 330
283 70
279 534
77 299
226 47
233 593
143 455
50 260
286 278
439 410
326 413
351 169
317 382
185 265
437 51
182 194
409 240
10 166
482 478
341 171
503 331
1 2
2 3
