1 10
100 200
201 210
900 1000
1000 5000
5001 10000
2 1
3 2
10 1
7 7
1 99999
50 1
4 20
89 92
99999 99998
1 1
50 54
100 101
1 500
4 23
8000 876
1024 420
5 9
34 7
122 56435
756 343
11 56
45 67
32 789
2313 56
2131 567
23 678
32123 768
56745 4565
123 89789
543 56
11 5
123 9808
21 56
76857 23444
33 56
6666 7777
454 66
789 88
323 55555
77 9
22 7
2444 6665
99 998
1 23
3 45
456 678
45 67
89 1011
1213 1415
12345 6789
32 67
7687 90
90 87
87 65
76 65
54 43
43 32
32 21
21 11
878787 989898
878787 656565
1 555
1 111
1 222
1 333
1 444
1 555
1 666
1 777
1 888
1 999
1 1111
1 2222
1 3333
1 4444
1 5555
1 6666
1 7777
1 8888
1 9999
1 11111
1 22222
1 33333
1 44444
1 55555
1 66666
1 77777
1 88888
1 99999
1 111111
2 222222
3 333333
4 444444
5 555555
6 98