1 10
100 200
201 210
900 1000
106 108
4 629
599 896
59 208
167 199
1 385
877 950
352 386
22 319
596 937
289 388
6 726
614 674
631 755
8 424
556 618
291 341
449 568
836 522
20 684
76 637
479 699
618 772
193 376
592 617
264 681
443 462
263 268
667 592
254 261
767 769
81 417
678 699
479 580
329 347
78 368
348 564
93 390
588 741
781 788
4 338
772 824
85 670
297 555
674 875
12 631
624 633
326 411
175 227
111 589
227 325
295 428
167 402
109 144
300 738
250 289
618 704
136 650
761 299
713 723
72 105
243 244
985 986
558 588
601 674
434 854
806 891
47 92
709 852
196 312
525 566
590 811
278 296
761 893
447 514
371 392
244 363
587 591
45 385
275 294
760 786
580 586
54 55
95 164
108 221
231 283
582 757
245 419
333 538
326 335
156 269
457 466
713 741
661 794
128 243
531 628
89 520
182 203
475 948
58 527
581 773
349 396
749 771
460 462
893 894
688 706
373 600
398 415
1 817
578 587
0 413
693 727
886 927
325 709
373 846
650 768
137 263
67 227
458 567
147 153
281 332
551 593
700 724
544 499
490 491
943 970
146 167
83 214
233 290
272 302
22 796
636 640
303 322
444 710
283 297
801 866
188 509
876 892
57 277
934 602
183 275
103 158
792 826
319 368
65 816
482 766
659 727
467 602
24 659
766 795