59 14
64 33
76 97
20 87
51 27
17 80
58 30
82 91
18 81
78 6
69 67
57 85
34 50
8 71
52 97
66 95
3 97
70 82
31 16
97 13
34 7
41 49
5 66
51 63
58 25
44 23
37 27
22 48
39 16
53 43
53 1
30 71
74 95
75 63
60 47
28 81
2 68
95 26
8 50
78 95
57 25
24 46
60 4
14 43
51 50
87 94
3 80
74 76
59 46
47 73
3705 5613
9573 7314
43 7905
4798 4106
5506 1709
4257 2928
7386 1365
6191 7316
7701 577
3308 5353
5586 3647
3871 9284
5562 9869
5897 347
6522 2527
4187 1245
4356 8130
9508 8422
9688 5737
9324 9519
8900 6811
7632 510
9086 3956
7127 7310
8947 4118
2132 7631
2416 8624
5991 3254
3844 7443
4517 3657
5390 2794
224 4879
3895 2627
2041 7053
9873 675
3883 9713
8529 2160
5454 8993
3193 6634
5805 7617
3772 7769
8432 6054
435 8936
1825 5068
5980 5071
8616 9259
1010 3972
7496 6954
8946 5848
7122 1293
372401 33611
830425 10407
846683 46374
76412 86062
476426 25440
345588 81616
341786 77948
715665 35694
185033 65651
449946 87475
654378 4545
244256 20920
574817 63167
114263 13261
911142 37842
712453 4164
516228 63856
421011 61778
476298 2904
467021 88534
490729 78732
796060 73113
192032 8388
678346 38478
689098 68152
365112 40467
495441 46218
498185 54493
201334 21717
231255 27820
854433 96932
270912 62899
289389 53566
515206 66053
56075 15767
287696 40332
184370 35421
595686 93887
891697 93283
404858 78786
959004 92480
149557 40088
346606 83757
797902 5933
954800 72967
167286 65972
961565 94535
342318 6618
199481 3670
366109 51338