1 10
100 200
201 210
900 1000
465783 948547
204276 130708
267354 105167
126911 818646
167503 983935
320193 421480
429578 933656
150960 494568
388701 447957
226340 213257
751914 508386
958893 181674
791753 325890
757237 152561
413439 330502
610726 435895
338116 15376
449842 183872
767280 86910
652693 537825
748930 785172
484762 659305
880093 592273
377355 590856
645918 2358
743406 315963
211841 625401
908054 24723
214709 733707
882315 471179
982257 117596
996864 955757
70557 317846
854966 325102
71070 770822
65771 607687
795977 610480
739481 724862
779351 70122
510911 222602
131567 17899
945150 331156
360486 689306
645324 714445
522327 667166
942639 978989
829088 692736
985853 919377
907062 870307
194810 719349
355805 661355
908246 529700
902106 276536
809088 977690
668416 26558
850728 838804
680040 865646
899929 547323
730447 398990
313692 339018
801152 867110
979020 823959
795231 363420
550083 206753
451296 435375
417531 596892
752951 947760
248014 412477
359836 100692
611866 548519
404881 698434
949118 428055
707808 469776
444428 531183
752749 977578
914708 753708
513667 222569
645693 791398
169320 799335
756233 435664
899131 27950
713929 413159
876668 946018
930905 382863
173254 527241
299759 305485
561208 816510
208274 31782
834592 675864
112555 515160
369136 637522
225540 979891
33711 111495
396730 463819
825794 942625
784746 220956
321815 439752
745440 849679
471161 303793
630814 538835
246355 915789
215487 856999
182841 310
203426 549816
65687 12546
583749 461047
86514 518129
356276 823936
831544 22028
240912 406956
330462 855605
737468 958290
498161 79961
957760 887292
519887 796792
954878 269751
448353 511258
552820 475641
367490 735848
371330 933857
532582 278472
486276 439876
648397 86038
182956 688086
540754 430076
293348 283677
825592 662252
776921 466167
657903 907213
303702 957753
742199 583137
830046 760414
772077 802271
478231 830056
76118 520048
170887 399077
858859 902790
509645 25217
559389 463672
211641 312772
15430 103532
423069 633739
232582 995758
109367 410069
33374 289761
462624 396735
381998 200750
945306 485435
412493 808017
505366 35970
406177 385935
763752 449180
86608 302300
628520 608808
264695 43499
762642 460131
663381 848064
492817 580115
645406 444945
167605 70754
160747 581309
40066 654578
293840 444169
10749 392787
971031 40205
269221 903429
767641 499780
878656 654301
953083 833464
782783 15256
211407 108902
625440 964006
429640 732003
919439 998750
547619 502708
482414 338031
