1 10
100 200
201 210
900 1000
913700	530204
64017	381569
286112	571557
487630	177487
193255	634385
234547	83295
233167	259278
937568	511663
92684	158712
957428	871262
206059	727189
446106	959430
747056	958091
134296	642228
853094	279029
41933	703629
523795	174359
377620	535469
943195	221437
360038	241325
838878	513724
880883	113730
710932	782952
274720	165099
337261	493055
78897	862422
487321	487241
794251	673653
946994	659760
970771	484773
697676	213480
747851	445653
636747	805579
222970	659672
189748	174441
568690	881473
742457	159097
104753	597317
2408	329880
682169	960237
193545	387812
710289	277538
447546	847902
812495	857983
660375	315200
258475	865263
763217	422346
656160	572479
464621	676572
213280	557967
59568	879018
994425	446632
52982	445389
933503	118604
775926	628457
128913	26073
862984	80149
901505	651321
359576	642044
25823	539432
527701	642845
21475	869101
395928	399731
944334	86936
918589	391364
125374	157500
380723	353268
625674	441238
726177	379686
707990	703785
987256	589119
371528	342515
629561	766823
950169	492915
837304	278518
981890	181771
138578	827272
870561	601371
254528	411630
529661	997199
475731	952930
769063	170984
692837	702360
887433	939708
907790	964679
385628	736141
876736	737139
424690	432935
886257	408662
555079	773150
577779	590182
733456	867004
835132	773624
37934	683081
426250	475936
600996	68225
737042	360217
887838	939157
453656	889425
840359	809233
831805	158036
879749	567151
176918	537865
252118	168497
142045	543604
907976	914524
105559	570598
143188	649770
439121	947257
190036	660625
543086	404724
766290	218618
597182	768581
236061	987492
552890	779236
103804	63216
877704	874012
883526	300001
35419	457670
177329	598091
777626	228104
465229	745582
197044	130351
191897	806261
481771	614174
537792	601915
428933	726750
282336	861799
999994	280652
928485	638371
78446	387227
515533	35739
471410	607015
60723	324458
978699	324069
975284	189399
532542	4118
586167	610745
528110	770451
173877	230790
282378	290173
900427	704130
627274	47343
82954	845218
11149	286876
366518	616285
314911	947492
738193	71478
440473	518440
335771	39825