922332 137027
77855 825759
726734 881743
366310 283228
321984 637074
198762 84907
913718 851846
97165 225153
261036 971447
751963 19588
565291 40980
463719 665080
972202 743629
13974 30081
857716 299684
562088 26516
512125 746811
750014 673064
902998 897102
758779 77306
64259 310673
713096 49947
794867 390130
808379 964017
327975 430579
393229 546449
63213 123327
266699 904239
751118 819440
780595 92342
827888 877073
762984 587210
637840 993265
950097 965867
675350 525279
241217 454191
213822 144303
960106 196181
118170 775721
940351 64667
257961 121281
982553 154365
712329 845290
883393 458121
836750 426092
621072 759040
552176 890742
827 875802
947725 62142
130212 366724
763070 377571
223332 54612
569302 795789
53773 393782
889789 717959
356659 905209
637021 413625
829065 611389
202861 72902
412509 185055
714897 600288
823843 208553
746784 646602
973440 697096
487068 177990
369865 879070
675359 963571
62973 889409
722406 357734
799921 22551
976157 641223
102861 454252
387070 215507
607770 385
799033 303657
624007 689907
813245 335571
884113 539233
263591 843712
896248 549708
93453 118038
555039 487861
265728 355141
460461 417358
33679 847047
438015 16733
477537 803003
694348 137973
294121 113074
13751 60678
571300 870060
458852 657039
858378 476278
977064 355335
540232 548551
710557 162038
69533 859536
162341 757869
372067 728938
523274 159934
410283 341174
80031 923460
112497 776341
414971 616798
441148 61264
555153 288380
217568 692129
570435 42872
373540 612350
317105 520563
300009 683057
84636 503286
124648 97663
827074 48275
854521 444315
857467 99224
796376 655334
203926 10332
544908 773897
11042 676255
858512 722265
717434 739585
916343 261699
877924 673481
818132 299901
600231 956969
369603 340883
134784 283358
788733 827700
762847 626211
92216 99304
710513 66534
919312 560117
787903 880395
235029 844581
260544 279569
128654 732474
839272 739148
436576 825162
698271 357080
921168 654675
709707 333529
598053 359834
325795 700228
854360 608236
646081 700340
905616 961327
253418 916340
398929 669894
235950 429206
399407 502924
78489 74218
687128 206721
891752 74922
204125 702530
567180 426169
376132 918519
461283 708593
165371 201769
939758 734388
160977 366769
776445 316024
596865 377903
431513 97910
3045 907761
843560 250602
493491 559876
130050 865138
3483 897255
635148 953374
266043 461034
926316 994153
556963 137155
297035 743478
852937 874261
760263 603909
537852 641191
870087 793928
616194 655803
326537 974153
450130 754216
422515 157266
527001 908143
420406 632496
184793 846674
303664 583520
52182 72551
125570 161962
430523 143887
513108 377099
93184 915237
862076 453878
569218 313117
655950 194446
212926 511112
977408 604177
780656 657251
294367 153079
482664 344298
613750 165569
